11
150
210
350
430
519
577
748
976
1081
1384
1430
1472
1561
1588
1748
2188
2232
2510
2573
2579
2588
2614
2643
2807
2811
2822
2871
2872
2938
3051
3171
3205
3268
3304
3427
3463
3480
3520
3592
3751
3847
3902
4285
4323
4365
4368
4369
4394
4415
4505
4550
4597
4742
4788
4948
5066
5094
5435
5438
5446
5481
5578
5667
5782
5889
5998
6104
6107
6211
6475
6612
6618
6623
6682
6748
6818
6825
6826
6985
7329
7458
7756
7829
7850
8022
8310
8700
8812
9085
9269
9471
9479
9520
9553
9727
9749
9879
9913
9950
9972
10046
10085
10113
10146
10173
10197
10278
10369
10477
10740
10850
10884
10891
10969
11052
11454
11457
11462
11499
11566
11662
11868
11930
12190
12196
12264
12307
12360
12478
12615
12692
12793
13158
13305
13454
13584
13640
13672
13708
13724
14163
14181
14277
14416
14581
14626
14689
14822
15041
15253
15271
15312
15317
15341
15392
15622
15681
15693
15707
15733
16130
16330
16529
16533
16733
16801
16815
17222
17282
17472
17530
17566
17756
17763
17830
18078
18228
18355
18674
18765
19226
19340
19434
19492
19516
19664
19865
20218
20304
20513
20813
21187
21266
21502
21556
21581
21705
21726
21801
22307
22403
22874
22974
23020
23133
23155
23353
23703
23805
23919
24018
24253
24261
24262
24310
24345
24393
24411
24434
24516
24580
24670
24790
25180
25212
25232
25281
25376
25442
25448
25490
25700
25803
25825
25885
25957
26089
26155
26177
26285
26380
26724
26901
26998
27006
27022
27043
27069
27073
27187
27248
27406
27425
27614
27720
27749
27834
27928
27976
28034
28075
28108
28319
28415
28487
28505
28781
28888
29065
29296
29370
29454
29506
29655
29659
29681
29810
29886
29900
29918
29998
30032
30068
30148
30160
30228
30385
30495
30512
30583
30620
30843
30933
31327
31339
31769
31814
31897
31922
32053
32070
32133
32160
32273
32317
32338
32396
32410
32492
32565
32691
32750
33071
33164
33263
33340
33356
33379
33687
33999
34135
34325
34577
34609
34669
34675
34689
34853
34864
35053
35157
35189
35300
35311
35351
35492
35538
35700
35723
35748
36072
36117
36330
36510
36522
36633
36640
36645
36745
36751
36849
37061
37172
37261
37387
37443
37456
37498
37594
37738
37753
37822
37941
37991
38009
38061
38129
38229
38345
38346
38487
38509
38789
38885
38974
39149
39178
39657
39665
39691
39808
39954
40197
40321
40331
40337
40345
40347
40359
40392
40560
40640
40775
40959
40966
40990
41078
41257
41386
41456
41677
41996
42088
42107
42270
42365
42431
42663
42719
42775
42842
43029
43132
43156
43176
43274
43333
43354
43396
43744
43820
43956
44102
44275
44365
44428
44434
44488
44813
44871
44893
45179
45303
45314
45357
45535
45586
45614
45644
45723
45812
45831
46014
46153
46181
46203
46292
46366
46399
46545
46624
46630
46645
46851
46903
47009
47026
47117
47189
47656
47660
47756
47806
47858
47948
47970
48003
48040
48168
48257
48361
48370
48537
48601
48670
48831
48928
49011
49094
49256
49318
49926
49998
50260
50369
50390
50482
50484
50560
50660
50678
50744
50854
50901
50924
51153
51374
51448
51713
51835
51896
52034
52073
52135
52249
52277
52278
52295
52297
52492
52493
52527
52551
52706
52786
52846
53016
53018
53207
53237
53285
53322
53332
53344
53356
53370
53416
53582
53864
53971
54106
54112
54374
54569
54632
54798
54967
55042
55050
55196
55450
55699
55744
55897
55939
56138
56272
56327
56560
56614
56740
56787
56922
56940
56946
57266
57631
57725
57962
58084
58098
58113
58118
58195
58264
58436
58622
58784
58814
58836
58882
58923
58990
59067
59141
59164
59573
59813
59816
59829
59936
60216
60535
60636
60638
60771
60913
61132
61202
61267
61342
61394
61416
61448
61655
61875
61896
61997
62103
62401
62492
62681
62774
62790
62793
62855
62875
62943
63041
63093
63141
63151
63228
63412
63433
63707
63910
63924
64139
64200
64228
64304
64315
64458
64553
64564
64568
64693
64799
64968
65045
65299
65462
65501
65594
65726
65941
65944
65951
66039
66064
66222
66225
66546
66556
66802
66835
66884
66930
67239
67336
67408
67500
67586
67638
67679
67748
67776
67810
67818
68135
68199
68211
68354
68388
68707
68783
68920
68965
69093
69118
69223
69678
69771
69792
69831
69875
69997
70062
70069
70083
70174
70464
70583
70643
70771
70846
70858
70891
70905
71085
71166
71251
71328
71550
71577
71719
72016
72037
72249
72332
72421
72506
72553
72688
72695
72756
73249
73364
73520
73563
73629
73644
73698
73791
73845
73855
74071
74082
74231
74389
74403
74495
74496
74612
74615
74670
74723
75009
75213
75220
75378
75449
75514
75676
76107
76145
76199
76281
76319
76343
76379
76436
76610
76688
76908
77016
77043
77057
77319
77324
77605
77662
77791
77829
78018
78043
78120
78179
78217
78241
78315
78360
78450
78655
78665
78668
78858
79307
79370
79652
79921
79953
79988
80023
80036
80191
80205
80224
80259
80531
80662
80753
80827
81084
81166
81310
81527
81595
81854
82012
82046
82068
82083
82378
82389
82519
82574
82708
82730
82740
82902
82905
83232
83444
83497
83926
84015
84099
84334
84384
84467
84729
84753
84911
84930
84933
85152
85202
85306
85427
85587
85791
85839
85880
85886
85901
86032
86085
86208
86322
86404
86476
86478
86581
86619
86671
86700
86718
86771
86800
86807
86977
87012
87022
87165
87200
87217
87537
87603
87627
87767
87774
87799
87808
87873
87935
87984
88186
88221
88318
88325
88387
88411
88535
88559
88716
88753
88831
88915
88953
88960
89089
89116
89225
89315
89402
89406
89512
89653
89716
89749
89765
89851
89852
89988
89999
90088
90133
90151
90233
90307
90341
90349
90382
90458
90468
90497
90710
90760
90804
90894
90946
91009
91102
91108
91112
91408
91671
91685
91824
92042
92085
92194
92438
92560
92580
92710
92881
93224
93418
93434
93530
93654
93744
93767
93864
94410
94695
94697
94709
94808
94875
95011
95040
95119
95142
95208
95332
95356
95361
95418
95474
95515
95729
95743
95832
95838
95844
95871
95943
96526
96629
96667
96733
96842
97285
97288
97366
97429
97485
97518
97706
97854
97929
98003
98288
98439
98451
98622
98683
98714
98718
98744
98839
98872
98959
98972
99225
99317
99871
99929
99986
100065
100181
100188
100438
100456
100512
100550
100875
101064
101088
101091
101171
101201
101213
101518
101569
101617
101631
101765
101784
101815
101900
101996
102054
102172
102280
102365
102489
102516
102574
102759
102843
102923
103419
103675
103790
103868
104263
104310
104367
104395
104593
104618
104635
104722
104726
104733
104844
104848
104877
104889
105000
105015
105024
105137
105178
105200
105285
105424
105523
105674
105675
105775
105804
105850
105927
106043
106142
106277
106488
106580
106712
106804
106902
106967
107154
107238
107275
107349
107642
107789
107796
107836
107877
107959
108013
108121
108189
108203
108299
108574
108834
108993
109185
109229
109394
109481
109492
109553
109593
109604
109847
110008
110030
110098
110112
110177
110184
110197
110265
110266
110531
110720
110739
110840
110855
110894
111124
111194
111271
111464
111524
112102
112222
112418
112675
112724
112764
112812
112856
112950
113184
113198
113222
113238
113335
113362
113410
113439
113446
113482
113549
113622
113806
113909
113973
113994
113995
114034
114199
114349
114389
114560
114817
114909
115075
115144
115183
115293
115303
115371
115561
115927
116084
116151
116237
116330
116343
116504
116534
116543
116592
116702
116731
116736
116770
116869
117274
117330
117409
117546
117571
117646
117659
117680
117692
117959
118087
118158
118206
118273
118351
118405
118453
118546
118549
118605
118610
118834
118916
119048
119079
119080
119408
119469
119555
119602
119689
119720
119730
119902
120040
120055
120128
120217
120288
120329
120477
120543
120674
120688
120767
120779
120791
120839
120862
120912
120917
120996
121112
121156
121391
121421
121718
121782
121955
122239
122345
122390
122469
122567
122817
122825
122832
122967
123061
123188
123245
123276
123438
123495
123500
123528
123552
123607
123616
123643
123834
124002
124031
124066
124402
124668
124850
124858
124879
124904
125122
125298
125485
125575
125711
125779
125917
125926
125951
126005
126174
126228
126334
126573
126575
126652
126697
126906
127105
127114
127134
127149
127254
127273
127294
127510
127511
127568
127642
127749
127777
127834
127884
128042
128071
128076
128146
128228
128677
128729
128801
128874
128883
128948
129061
129235
129337
129362
129372
129383
129439
129454
129648
129781
129819
129863
129941
129996
130119
130151
130156
130169
130329
130421
130621
130784
130956
130967
131131
131430
131451
131574
131638
131731
131779
132043
132052
132137
132165
132184
132226
132260
132317
132472
132492
132742
132745
132747
133036
133060
133265
133451
133589
133595
133605
133651
133733
133833
133892
133941
133975
133985
134033
134061
134084
134099
134161
134376
134536
134558
134657
134667
134729
134739
134798
134810
134826
134859
134862
134931
135093
135121
135140
135205
135490
135503
135591
135784
135814
135971
136038
136090
136100
136172
136271
136280
136323
136391
136424
136436
136440
136463
136744
137004
137040
137064
137196
137249
137407
137413
137439
137480
137590
137719
137724
137984
138009
138126
138165
138307
138544
138553
138677
138727
138731
138973
139048
139130
139149
139180
139184
139214
139269
139356
139430
139432
139477
139544
139602
139632
139682
139745
139773
139975
140265
140326
140336
140340
140373
140537
140608
140689
140754
140784
140830
140883
140958
141055
141127
141148
141228
141280
141323
141419
141607
141637
141665
141710
141853
141906
141913
141965
142284
142503
142551
142585
142864
142972
143004
143160
143184
143245
143248
143426
143428
143474
143489
143495
143509
143525
143613
143620
143754
143780
143869
144058
144080
144102
144246
144359
144396
144492
144645
144699
144738
144787
145029
145082
145145
145253
145293
145343
145379
145494
145561
145643
145648
145798
145830
146047
146178
146185
146500
146532
146568
146609
146620
146658
146789
146894
146895
147161
147212
147311
147446
147548
147639
147679
147751
147863
147885
147894
148164
148214
148241
148347
148421
148422
148522
148647
148712
148773
148894
149091
149186
149235
149335
149650
149657
149942
150035
150066
150070
150478
150486
150638
150776
150985
151252
151255
151265
151294
151364
151389
151454
151502
151966
151994
152027
152257
152537
152566
152785
152795
152872
152947
153027
153097
153168
153216
153280
153323
153403
153503
153551
153660
153721
153973
153994
154125
154585
154627
154726
154768
154922
154963
155231
155341
155540
155543
155696
155809
155887
156015
156114
156171
156227
156300
156502
156678
156731
156813
157027
157080
157104
157106
157163
157167
157355
157576
157579
157589
157646
157729
157731
157742
157804
157894
158006
158097
158107
158229
158496
158502
158575
158672
158722
158836
158912
158966
158969
159072
159148
159175
159573
159645
159687
159724
159770
160429
160553
160584
160657
160738
160898
161041
161183
161367
161466
161644
161779
161956
162101
162192
162202
162254
162283
162569
162709
162761
163081
163136
163340
163361
163481
163499
163519
163550
163622
163746
163821
163831
164104
164228
164241
164300
164524
164682
164711
164933
165094
165314
165489
165518
165590
165696
166040
166061
166094
166096
166154
166167
166253
166268
166514
166684
166724
166785
167029
167065
167092
167271
167279
167328
167335
167421
167644
167870
167962
167969
168001
168090
168265
168466
168490
168493
168631
168696
168896
168904
168932
168976
169193
169259
169835
169850
169874
169882
169981
170053
170337
170374
170526
170577
170607
170766
170812
170862
170879
170880
170894
170896
171341
171407
171537
171613
172028
172277
172333
172535
172679
172716
172739
172779
172907
173015
173088
173119
173153
173278
173284
173406
173426
173588
173685
173697
173795
173802
173909
174175
174242
174344
174695
174761
174826
174909
174996
175033
175168
175333
175344
175609
175706
175711
175760
175788
175918
175920
176340
176442
176541
176645
176659
176823
177393
177821
177822
177838
177990
178090
178190
178249
178290
178310
178318
178439
178579
178729
178766
178777
178808
178868
178892
178895
178919
179121
179330
179420
179513
179526
179627
179828
179945
179969
180079
180121
180549
180660
180674
180695
180859
181105
181137
181181
181301
181340
181438
181546
181593
181598
181609
181787
181877
181885
181951
181972
182372
182402
182412
182709
182749
182797
182892
182968
182974
182975
183033
183125
183174
183330
183392
183769
183985
184050
184060
184110
184202
184297
184369
184519
184532
184625
184665
185059
185118
185137
185173
185266
185273
185301
185601
185924
185983
186073
186254
186274
186411
186479
186635
186691
186833
186912
186928
187102
187182
187395
187396
187495
187504
187690
187747
187752
187773
187888
188010
188078
188092
188131
188186
188346
188485
188570
188655
188674
188921
188947
188957
189019
189050
189244
189265
189266
189339
189498
189644
189734
189737
189775
190007
190049
190156
190358
190380
190559
190713
190727
190971
191036
191435
191442
191488
191523
191535
191546
191569
191640
191660
191697
191743
191815
191926
192065
192191
192198
192404
192513
192620
192690
192855
192929
193169
193219
193284
193299
193301
193365
193381
193478
193529
193649
193835
194165
194175
194190
194247
194298
194438
194443
194471
194490
194598
194815
194851
195398
195464
195481
195588
195702
195706
195819
196078
196149
196328
196351
196478
196682
196696
196761
196853
197248
197373
197394
197416
197478
197937
198009
198095
198175
198238
198306
198317
198386
198436
198466
198815
198879
198994
199220
199226
199328
199380
199404
199427
199697
199844
199850
199986
199989
200082
200204
200330
200338
200430
200435
200642
200760
200761
200936
200985
200996
200998
201023
201113
201207
201229
201439
201533
201658
201837
202079
202248
202290
202572
202597
202714
203205
203385
203440
203474
203476
203479
203539
203557
203590
203803
203809
203903
203924
204043
204120
204130
204363
204371
204466
204488
204537
204568
204583
204625
204696
204810
205091
205179
205181
205310
205337
205432
205484
205529
205622
205657
205660
205674
205680
205755
205908
206099
206102
206337
206419
206494
206650
206711
206730
206829
206867
206966
206971
207092
207127
207194
207644
207645
207669
207673
207784
208125
208241
208242
208265
208352
208401
208456
208512
208613
208675
208708
208784
208945
209326
209330
209446
209532
209586
209618
209696
209770
209818
209927
210003
210023
210041
210097
210206
210327
210421
210517
210625
210744
210769
210790
210906
210925
210968
211022
211103
211142
211209
211328
211574
211658
211850
211937
212000
212006
212145
212321
212436
212441
212503
212686
212807
212935
213225
213387
213541
213590
213671
213780
214039
214084
214280
214517
214621
214635
214636
214654
214692
214808
214835
214978
215353
215389
215638
215697
215743
215809
215834
215898
216030
216107
216131
216163
216207
216454
216569
216582
216625
216705
216758
216778
216814
216855
216857
216859
217000
217054
217125
217186
217517
217528
217542
217679
217701
217818
217894
217972
218677
218727
218762
218859
219187
219337
219376
219702
219711
220158
220281
220314
220376
220437
220532
220572
220684
221083
221143
221317
221357
221406
221430
221437
221461
221463
221467
221496
221554
221630
221635
221666
221919
222081
222090
222095
222100
222471
222655
222966
223004
223175
223375
223627
223797
224027
224227
224234
224534
224558
224563
224687
224785
224958
225119
225181
225210
225233
225574
225841
225946
226242
226375
226467
226516
226521
226654
226808
227050
227082
227129
227174
227303
227363
227412
227551
227614
227823
227903
227961
228011
228041
228164
228230
228276
228323
228374
228393
228426
228474
228662
228732
228842
228984
228996
229123
229400
229447
229450
229532
229552
229707
229868
229917
229954
229956
230024
230061
230406
230434
230463
230535
230689
230700
230740
230769
230857
230873
231147
231154
231257
231307
231370
231401
231555
231580
231734
231807
232226
232278
232378
232456
232542
232904
232941
232971
233038
233199
233260
233352
233410
233576
233634
233690
233753
233796
233921
234011
234058
234144
234154
234362
234482
234656
234728
234743
234837
235012
235114
235183
235272
235296
235486
235491
235599
235645
235673
235705
235716
235735
235822
236010
236125
236306
236377
236395
236536
236634
236657
236689
236801
236841
237045
237093
237312
237322
237331
237338
237424
237430
237607
237662
237866
237928
238076
238548
238583
238609
238922
239165
239194
239494
239593
239656
239706
239845
240242
240244
240257
240330
240559
240597
240733
240737
240946
240950
240967
241055
241085
241155
241165
241527
241580
241690
241700
241810
242022
242113
242484
242562
242603
242648
242766
242922
243187
243222
243228
243297
243337
243377
243488
243555
243697
243711
244086
244117
244207
244231
244293
244618
244762
244833
244883
244900
244990
245125
245320
245457
245853
245906
245923
245971
246074
246150
246535
246540
246598
246612
246703
246784
246791
246849
246910
246953
246958
246993
247017
247020
247030
247190
247191
247232
247474
247713
247738
247973
247984
248004
248147
248156
248239
248363
248383
248449
248514
248519
248592
248612
248642
248658
248831
249104
249184
249242
249413
249415
249424
249467
249598
249615
249638
249643
249715
249785
249808
250375
250413
250460
250610
250621
251013
251080
251243
251316
251427
251545
251558
251603
251752
251811
251817
251824
252170
252270
252539
252823
252865
252866
253006
253206
253217
253221
253384
253768
253795
253816
253978
254106
254107
254506
254630
254731
254759
254798
255017
255030
255052
255077
255121
255146
255205
255338
255376
255383
255726
255882
255986
256225
256325
256400
256411
256468
256583
256725
256802
256841
256858
256864
256956
257329
257494
257527
257637
257779
257805
258120
258291
258302
258361
258521
258632
258726
258755
258789
258893
258904
258965
259151
259200
259421
259511
259530
259635
259869
260167
260191
260243
260277
260304
260465
260567
260771
260786
260918
260979
261038
261096
261117
261136
261165
261243
261410
261498
261583
261737
261822
262003
262158
262195
262257
262303
262321
262408
262613
262622
262756
262769
262835
262999
263107
263160
263514
263588
263614
263643
263649
263764
263903
264133
264212
264233
264451
264476
264659
264665
264849
264964
265073
265118
265136
265162
265171
265196
265242
265323
265472
265535
265684
265925
266097
266106
266436
266442
266808
266865
266893
266920
267029
267237
267337
267389
267536
267590
267835
268218
268246
268350
268428
268622
268702
268709
268748
268822
268903
268912
268991
269027
269059
269213
269328
269375
269481
269493
269495
269563
269626
269661
269666
269806
269917
270019
270294
270301
270338
271001
271088
271174
271339
271353
271781
271857
271976
272274
272438
272563
272674
272770
272815
272877
272917
272966
273065
273135
273219
273493
273591
273633
273762
273898
273927
273968
274035
274124
274230
274277
274445
274488
274645
274783
274802
274920
274991
275159
275174
275370
275433
275483
275484
275597
275721
275766
275807
275878
275974
276004
276034
276067
276191
276376
276391
276448
276517
276535
276748
276825
276917
276923
276978
276989
277013
277055
277201
277220
277233
277314
277317
277353
277391
277439
277689
277726
277768
277818
277886
277899
278043
278052
278173
278239
278402
278434
278492
278501
278553
278743
278781
278841
278909
279010
279041
279192
279420
279449
279629
279657
279702
279706
279844
279868
279935
280120
280173
280309
280360
280543
280562
280618
280742
280748
280751
280792
281202
281407
281480
281572
281877
281967
281984
282168
282183
282288
282378
282505
282626
282949
283076
283135
283292
283364
283501
283733
283816
283841
284049
284226
284343
284507
284521
284603
284672
284686
284747
284759
284919
284946
285037
285096
285403
285436
285498
285729
285808
286074
286125
286254
286404
286406
286586
286888
286903
286973
287375
287469
287508
287595
287640
287657
287658
287784
287836
287996
288215
288330
288393
288437
288544
288571
288646
288735
289243
289314
289616
289673
289694
289745
289763
289848
289859
290052
290149
290169
290315
290661
290697
290873
290876
290956
291018
291053
291147
291216
291363
291435
291523
291799
291808
291985
292098
292374
292483
292496
292524
292570
292655
292911
292968
293122
293333
293421
293468
293613
293662
293903
293934
293958
294223
294284
294298
294343
294471
294488
294527
294607
294672
294695
294740
294766
294838
294882
295014
295114
295123
295451
295541
295658
295714
295725
295747
296002
296176
296246
296317
296325
296452
296586
296590
296621
296758
296797
296888
296991
297014
297029
297169
297337
297476
297638
297701
297802
297810
297850
297903
297933
297993
298063
298070
298071
298185
298347
298368
298482
298517
298650
298740
298776
298794
298929
299113
299150
299200
299240
299337
299402
299473
299561
299600
299715
299825
300060
300275
300356
300395
300534
300562
300685
300841
300893
301036
301105
301516
301618
301770
301940
302077
302182
302215
302312
302511
302629
302711
302795
302890
302923
303038
303237
303280
303398
303429
303445
303452
303641
303780
303862
303922
304104
304114
304121
304420
304486
304616
305119
305129
305363
305441
305563
305595
305705
305729
305771
305947
306284
306387
306426
306484
306540
307109
307116
307183
307204
307278
307443
308116
308159
308240
308351
308465
308589
308828
308829
308865
308950
308997
309152
309228
309315
309575
309671
309729
309913
310051
310054
310078
310093
310294
310430
310607
310705
310776
310790
310909
311038
311063
311302
311368
311599
311683
311980
312004
312064
312179
312187
312224
312322
312424
312490
312520
312587
312790
312807
312913
312984
313098
313113
313118
313482
313515
313643
313833
313916
314005
314020
314235
314287
314379
314424
314452
314717
314837
314890
314925
314960
315076
315167
315229
315271
315286
315301
315340
315351
315435
315480
315575
315610
315649
315836
315858
315918
316045
316103
316318
316575
316634
316654
316763
316868
316890
316970
317021
317104
317425
317478
317658
317724
317796
317952
318006
318232
318364
318398
318425
318450
318505
318568
318570
318682
318867
318916
318922
318965
319005
319023
319182
319383
319421
319427
319608
319613
319631
319733
319877
319880
319933
319967
320070
320212
320223
320481
320591
320646
320823
320869
321003
321061
321307
321433
321694
321731
321760
321899
322049
322052
322138
322464
322501
322542
322750
322772
322891
323019
323078
323281
323313
323335
323416
323515
323523
323565
323567
323757
323764
323789
323877
323952
324006
324074
324516
324568
324656
324720
324805
325138
325304
325611
325990
325991
326013
326015
326283
326401
326421
326487
326518
326560
326670
326724
326778
326807
327071
327178
327343
327539
327992
328232
328318
328497
328554
328793
328804
329149
329240
329249
329375
329445
329512
329728
329845
330114
330220
330228
330530
330545
330580
330662
330773
330877
330958
331167
331180
331247
331328
331339
331341
331358
331363
331367
331373
331456
331560
331588
331697
331713
331978
332393
332404
332534
332596
332612
332614
332693
332873
332944
333118
333120
333166
333282
333577
333741
333762
333784
334009
334017
334079
334092
334131
334140
334187
334238
334405
334423
334560
334636
334646
334682
334814
334854
334939
334998
335020
335065
335203
335352
335654
335698
335957
336079
336227
336308
336547
336557
336601
336640
336669
336954
337032
337053
337139
337301
337480
337652
337706
337923
338080
338085
338186
338225
338300
338343
338351
338407
338418
338477
338479
338487
338495
338496
338578
338629
338724
338727
338736
339001
339124
339203
339232
339435
339436
339437
339541
339610
339655
339734
339825
339903
339946
340152
340195
340297
340331
340483
340669
340752
340784
340905
340913
341044
341077
341099
341126
341179
341288
341680
341747
341782
341841
341891
341894
342032
342036
342124
342244
342255
342304
342479
342550
342574
342740
342775
342842
342939
343008
343032
343053
343100
343124
343140
343240
343356
343414
343452
343543
343634
343639
343946
343954
343985
344275
344286
344416
344440
344477
344578
344592
344600
344887
344889
344977
345034
345097
345107
345303
345347
345375
345399
345418
345423
345430
345697
345917
345976
346067
346071
346078
346119
346163
346190
346302
346469
346531
346558
346619
346737
346790
346895
346933
347077
347091
347150
347158
347238
347305
347347
347438
347505
347515
347653
347702
347850
348017
348434
348685
349332
349723
349801
349889
349959
350039
350128
350174
350238
350655
350904
350987
350989
351053
351062
351216
351227
351463
351500
351696
351706
351744
351842
351860
351927
352128
352279
352370
352713
352783
352790
353031
353167
353320
353500
353512
353536
353561
353656
353704
353924
354061
354152
354259
354380
354395
354611
354717
354718
354889
354968
355014
355064
355065
355163
355554
355651
355847
355858
355915
356065
356120
356338
356344
356413
356431
356733
356865
356934
357011
357225
357320
357431
357522
357678
357923
357940
358041
358076
358111
358188
358283
358376
358433
358510
358695
358764
358877
358884
358888
358896
359040
359060
359079
359120
359243
359388
359487
359526
359696
359784
359833
359878
360373
360559
360637
360758
360760
360821
361049
361106
361179
361213
361258
361361
361525
361547
361597
361633
361710
362205
362317
362400
362441
362443
362597
362690
362771
362840
362981
363069
363161
363237
363486
363529
363994
364067
364225
364237
364391
364477
364488
364637
364697
364750
364769
365010
365081
365095
365260
365264
365280
365305
365570
365742
365925
365958
365974
366171
366226
366291
366325
366386
366477
366543
366589
366668
366905
367081
367096
367203
367210
367216
367338
367400
367510
367667
367687
367926
367955
368221
368230
368309
368362
368816
368856
368969
368983
369091
369183
369289
369323
369441
369488
369509
369525
369738
369844
369908
370225
370236
370343
370361
370475
370607
370673
370784
371227
371424
371455
371523
371634
371635
371667
371701
371942
372022
372184
372188
372264
372302
372577
372591
372608
372633
372679
372943
372952
373109
373319
373322
373340
373363
373367
373374
373527
373555
373562
373598
373719
373801
373880
374310
374414
374460
374545
374560
374601
374696
374993
375176
375226
375272
375314
375414
375431
376070
376258
376349
376375
376489
376623
376683
376693
376843
376877
376904
377027
377128
377175
377337
377346
377390
377406
377441
377565
377627
377651
377848
377969
377970
378100
378408
378761
378855
378952
378983
378990
379051
379142
379322
379400
379412
379603
379619
379790
379846
379864
379887
379896
380216
380445
380579
380691
380704
380811
380961
381304
381408
381562
381659
381679
381733
382046
382087
382124
382313
382408
382432
382554
382738
382997
383208
383262
383330
383487
384174
384197
384234
384404
384629
384670
384923
384941
384955
385082
385216
385367
385386
385518
385681
385799
385831
385981
386009
386081
386100
386110
386170
386296
386380
386591
386596
386678
386860
386884
386983
387215
387307
387503
387556
387779
387789
387799
387832
387836
388171
388419
388609
388651
388659
388968
389127
389235
389357
389490
389506
389702
389918
390018
390103
390277
390355
390424
390482
390518
390583
390622
390636
390657
390891
390898
391019
391061
391142
391174
391320
391489
391602
391686
391740
391811
391926
391966
392145
392156
392299
392664
392820
392842
392977
393004
393033
393221
393224
393297
393488
393930
393979
393998
394680
394807
394947
394997
395050
395093
395144
395279
395379
395447
395448
395665
395671
395730
395806
396005
396177
396249
396291
396385
396393
396525
396598
396701
396716
396910
396976
396995
397020
397070
397170
397453
397600
397622
397722
397775
397823
397848
397945
398164
398239
398259
398362
398384
398480
398676
398712
398776
398786
398807
398812
398829
398844
398859
398914
399068
399138
399217
399248
399258
399274
399448
399521
399544
399714
399869
399933
399946
399980
400143
400239
400261
400267
400320
400359
400369
400749
400840
401136
401165
401403
401516
401575
401589
401679
401950
402485
402513
402704
402742
402808
402872
402988
403055
403236
403259
403384
403624
403660
403691
403729
403778
403814
403909
404134
404174
404251
404842
404879
404971
405042
405102
405165
405214
405230
405271
405306
405318
405360
405367
405431
405465
405495
405528
405530
405646
405890
405912
405941
406014
406115
406262
406380
406476
406631
406735
406749
406827
406956
406993
407043
407064
407086
407091
407200
407231
407260
407524
407555
407638
407810
407937
408030
408051
408067
408069
408291
408304
408356
408498
408622
408652
408815
408887
408943
409042
409051
409055
409143
409320
409363
409446
409554
409855
409870
409920
409952
410035
410150
410202
410210
410287
410413
410490
410591
410644
410710
410711
410819
410873
410950
410976
411062
411124
411140
411309
411572
411724
411789
411822
412067
412242
412380
412642
412666
412671
412769
413077
413171
413219
413229
413518
413534
413577
413600
413631
413699
413887
413916
414055
414313
414327
414445
414794
414838
415248
415470
415481
415519
415912
416033
416076
416113
416197
416257
416304
416345
416408
416511
416534
416563
416568
416595
416760
416845
417054
417060
417265
417456
417549
417662
417953
418027
418129
418132
418244
418253
418423
418496
418609
418701
418843
418924
418936
419120
419126
419208
419303
419416
419478
419493
419527
419604
419646
419766
419880
420047
420372
420438
420476
420489
420655
420775
420824
420915
420968
421084
421167
421323
421336
421355
421389
421425
421468
421494
421513
421737
421908
421946
421961
422137
422171
422195
422283
422612
422706
422874
422886
422984
422985
423119
423128
423314
423345
423353
423484
423507
423657
423671
423687
423730
423780
423934
423955
424244
424331
424367
424457
424538
424547
424684
424773
425034
425454
425503
425522
425523
425829
425979
425987
426037
426048
426109
426146
426162
426367
426402
426593
426731
426746
426961
427076
427313
427368
427614
427883
428036
428093
428212
428323
428388
428391
428605
428921
428962
428963
428980
428987
429186
429214
429279
429498
429499
429767
429955
429958
429979
430237
430264
430284
430388
430439
430559
430594
430600
430673
430697
430819
431008
431258
431277
431418
431818
431864
432013
432045
432136
432156
432254
432302
432437
432443
432497
432555
432808
432991
433024
433152
433213
433315
433583
433645
433705
433762
433842
433843
433868
434008
434165
434414
434480
434495
434504
434544
434555
434660
434704
434712
434768
435027
435168
435213
435375
435637
435863
435876
436025
436188
436262
436266
436505
436629
436689
436697
436949
436962
436967
436971
436994
437006
437083
437114
437117
437159
437240
437317
437749
437802
437809
438045
438074
438128
438198
438232
438343
438428
438457
438474
438481
438501
438612
438675
438760
438793
438846
438856
438899
438960
439002
439071
439076
439088
439120
439264
439345
439436
439473
439577
439611
439639
439640
439653
439655
439747
439873
440038
440055
440139
440141
440153
440206
440227
440659
440679
440802
440857
440874
440973
441093
441152
441231
441560
441664
441688
441718
441811
442060
442071
442226
442281
442435
442463
442510
442612
442751
442797
442815
442857
442908
442938
443003
443081
443116
443155
443523
443534
443590
443666
443771
443798
443856
444006
444015
444087
444123
444153
444249
444615
444741
445089
445202
445221
445272
445297
445325
445449
445468
445472
445476
445503
445602
445838
446033
446196
446355
446689
446940
446993
447195
447281
447325
447374
447563
448032
448065
448110
448195
448627
448723
448830
448853
449188
449205
449278
449488
449708
449729
449811
449890
449916
449967
449968
449993
450064
450072
450119
450238
450456
450468
450552
450710
450737
450761
450830
450860
450975
450999
451027
451187
451264
451408
451505
451511
451687
451756
451769
451824
451982
452054
452074
452172
452185
452271
452315
452357
452469
452546
452570
452581
452640
452656
452797
452910
453169
453399
453434
453462
453466
453533
453619
453795
453833
453863
453889
453981
454073
454177
454318
454353
454605
454718
454784
454829
454891
454906
455021
455069
455073
455158
455346
455466
455876
455906
455969
455995
456135
456157
456531
456546
456708
456812
456855
456866
456969
457212
457355
457457
457462
457580
457694
457772
457830
458215
458223
458411
458413
458443
458685
458727
458769
458826
458945
458954
458969
458990
458992
459018
459308
459322
459449
459553
459695
459782
460004
460019
460311
460338
460358
460671
460694
460777
460786
460821
460836
460896
460960
460990
461017
461168
461340
461456
461505
461628
461888
461900
461942
462117
462163
462302
462607
462683
462707
462721
462797
463058
463188
463279
463351
463530
463540
463554
463698
463755
463877
464005
464176
464236
464348
464645
464655
464710
464819
464852
464866
464900
464927
464954
464974
465137
465167
465504
465572
465601
465738
465789
465808
465871
466113
466142
466213
466323
466558
466570
467423
467638
467689
467721
467999
468088
468164
468286
468288
468490
468838
469053
469344
469357
469425
469458
469868
469903
470043
470103
470190
470194
470218
470295
470415
470497
470499
470846
470886
470946
471078
471084
471092
471117
471209
471245
471391
471405
471494
471552
471608
471615
471645
471791
471825
471907
471944
472040
472050
472145
472498
472577
472618
472620
472629
472658
472708
472714
473017
473281
473414
473487
473656
473881
474127
474170
474257
474370
474416
474436
474701
474899
474969
475040
475364
475386
475465
475554
475640
475883
475904
475932
476186
476311
476430
476523
476640
476662
476832
476922
477259
477406
477661
477746
477964
477980
478114
478217
478230
478306
478321
478638
478642
478648
478704
478876
478919
479037
479118
479121
479149
479359
479360
479591
479664
480253
480264
480295
480384
480557
480580
480591
480800
480923
481006
481141
481193
481312
481411
481471
481555
481614
481619
481634
481756
481858
481933
482058
482107
482170
482260
482381
482394
482423
482621
483031
483098
483168
483171
483414
483423
483429
483483
483611
483657
483687
483865
483907
483947
484116
484142
484373
484510
484513
484607
484675
484717
484755
484846
484873
484896
484922
485116
485136
485342
485550
485563
485570
485597
485705
485720
485788
485875
486276
486294
486313
486323
486365
486405
486408
486897
486929
486983
487115
487165
487253
487254
487280
487394
487522
487752
487769
487827
488027
488058
488118
488267
488370
488441
488545
488552
488652
488757
488843
488955
489056
489171
489208
489540
489579
489669
489794
489938
490030
490053
490145
490346
490366
490408
490443
490465
490579
490582
490707
490939
491012
491074
491170
491204
491328
491363
491454
491586
491648
491746
491930
492317
492322
492499
492603
492689
492771
492811
492851
492926
493214
493305
493468
493834
493875
493898
493947
494074
494151
494309
494606
494699
494751
494780
494976
495053
495150
495333
495373
495505
495663
495735
495969
496020
496435
496454
496546
496664
496727
496999
497061
497237
497286
497289
497437
497444
497466
497545
497631
497769
497954
498007
498164
498330
498731
498934
499017
499222
499234
499273
499324
499425
499549
499609
499618
499677
499700
499758
500044
500164
500311
500635
500656
500668
500719
500756
500767
500768
500814
501028
501047
501127
501187
501215
501228
501307
501354
501363
501364
501428
501440
501495
501553
501675
501754
501780
501891
501956
502017
502198
502373
502427
502452
502455
502576
502657
502705
502739
502820
502914
503000
503065
503087
503293
503395
503494
503694
503702
503740
503841
503923
504021
504027
504128
504359
504657
504760
504912
504919
504992
505110
505221
505272
505340
505544
505552
505729
506039
506091
506101
506209
506450
506699
506705
506737
506922
506996
507010
507037
507052
507215
507517
507595
507911
507927
508238
508392
508509
508791
508800
508895
508918
509008
509043
509076
509204
509208
509234
509613
509660
509740
509931
509975
510018
510110
510133
510145
510182
510190
510332
510811
510831
510979
511220
511386
511533
511697
511813
512199
512538
512542
512805
512826
513347
513362
513745
513801
513987
514153
514245
514260
514311
514313
514403
514435
514688
514866
515032
515175
515321
515331
515356
515440
515489
515534
515569
515603
515619
515814
515889
515898
516143
516218
516417
516591
516601
516611
516613
516730
516751
516761
516885
516924
517042
517054
517113
517151
517333
517359
517716
517909
517933
517939
517943
517949
517960
518017
518306
518341
518427
518535
518661
518726
518736
518794
518952
518983
519188
519308
519314
519470
519484
519511
519641
519717
519760
519778
519867
520127
520295
520343
520381
520424
520446
520463
520624
520661
520731
520891
520931
520971
521118
521129
521188
521324
521334
521436
521448
521548
521566
521639
521682
521724
521732
521752
521814
521950
521975
522062
522076
522078
522431
522445
522728
522996
523261
523354
523406
523715
523799
523814
523866
523886
523896
524022
524044
524325
524436
524448
524467
524494
524528
524810
524872
524899
525145
525281
525325
525397
525414
525454
525611
525753
525887
525908
525954
525958
526017
526148
526301
526468
526526
526582
526628
526714
526728
526991
527027
527138
527376
527377
527584
527613
527706
527722
528214
528217
528331
528513
528611
528679
528690
528752
528911
528965
529174
529184
529314
529436
529502
529765
529768
529798
529846
529863
529905
529924
529932
529943
530041
530066
530153
530217
530301
530412
530592
530597
530781
531150
531250
531272
531279
531337
531417
531515
531548
531693
531793
531842
531939
532056
532070
532155
532385
532394
532460
532655
532759
532816
533060
533156
533442
533538
533541
533802
533862
533895
533936
534156
534314
534412
534423
534593
534642
534806
534845
534983
535252
535281
535293
535315
535490
535571
535674
535705
535759
535776
535780
535877
535924
535985
536114
536207
536307
536360
536445
536459
536604
536654
536836
536928
537229
537281
537296
537452
537540
537548
537636
537714
537732
537958
537988
537998
538042
538088
538181
538293
538426
538582
538713
538857
539050
539070
539124
539219
539290
539407
539620
539636
539735
539829
539965
540037
540081
540245
540288
540810
540867
540990
541042
541131
541220
541317
541509
541538
541541
541604
541722
541762
541983
542057
542076
542139
542181
542229
542372
542432
542510
542512
542521
542528
542575
542654
542698
542773
543015
543221
543338
543492
543506
543573
543646
543885
543899
544050
544137
544161
544254
544499
544561
544562
544786
544945
545361
545406
545419
545422
545472
545766
545792
545852
545897
545900
545955
546110
546165
546708
546814
546824
547008
547085
547163
547179
547236
547438
547439
547538
547550
547773
547796
547875
547879
547905
547909
547973
548113
548226
548305
548319
548485
549194
549199
549302
550011
550024
550089
550131
550189
550313
550381
550427
550520
550598
550733
551010
551172
551177
551508
551625
552193
552238
552290
552340
552351
552489
552490
552516
552588
552598
553321
553401
553450
553514
553660
553738
553749
553788
553801
553905
554087
554155
554244
554373
554525
554613
554733
554773
554915
554932
554939
554945
555004
555396
555426
555503
555549
555567
555576
555603
555763
555808
555942
555996
556006
556137
556247
556407
556501
556574
556611
556696
556734
557062
557168
557304
557411
557472
557570
557602
557603
557752
558021
558235
558347
558519
558685
558834
558888
558907
558937
559056
559120
559165
559224
559290
559357
559442
559541
559547
559577
559583
559723
559900
560126
560182
560452
560582
560588
560718
560781
560824
560893
560980
561174
561278
561413
561536
561756
561882
562012
562263
562365
562385
562537
562539
562678
562762
562781
562801
562980
563150
563159
563185
563379
563513
563659
563660
563858
563865
563905
564108
564240
564297
564424
564443
564484
564640
564663
564664
564726
564865
565112
565167
565209
565291
565307
565457
565584
565613
565985
566029
566174
566175
566185
566343
566425
566432
566647
566677
566751
566965
566980
567131
567297
567322
567327
567382
567405
567563
567811
567866
567911
567917
568092
568156
568227
568248
568372
568402
568409
568475
568476
568678
568847
568866
568979
569020
569183
569192
569375
569571
569617
569849
569907
569915
570017
570164
570355
570404
570426
570653
570778
570881
570885
570936
571208
571263
571377
571518
571657
571859
572006
572012
572057
572066
572237
572291
572319
572417
572499
572536
572545
572589
572742
572746
572760
572801
572845
572947
572974
573052
573099
573116
573372
573708
574168
574319
574339
574349
574600
574836
574854
574934
574999
575081
575200
575732
575947
575973
576025
576216
576256
576301
576407
576531
576664
576681
576834
577496
577581
577703
577739
577793
577942
577964
578141
578247
578333
578428
578553
578713
578725
578767
578772
578989
579140
579182
579219
579311
579462
579507
579794
579824
579932
580031
580188
580300
580346
580375
580724
580905
581103
581166
581362
581427
581448
581498
581549
581550
581552
581618
581694
581899
581907
581920
582051
582083
582161
582356
582858
582940
582958
583007
583356
583375
583462
583472
583736
584116
584291
584421
584488
584572
584636
584743
584788
584822
584832
584873
584878
584915
585082
585216
585276
585415
585437
585479
585589
585605
585715
585783
585814
585855
585974
586006
586044
586082
586105
586142
586147
586209
586360
586370
586446
586549
586746
586787
586833
586837
586978
587096
587104
587189
587222
587439
587657
587898
587932
587952
587975
588088
588099
588149
588181
588212
588332
588340
588703
588907
588975
588990
589251
589278
589305
589330
589636
589644
589694
589745
589797
589910
590148
590322
590627
590710
590809
590817
590940
591001
591019
591227
591418
591427
591470
591575
591698
591709
591789
591797
591849
591870
591932
591943
592250
592335
592446
592463
592588
592998
593057
593070
593079
593091
593416
593591
593678
594098
594119
594137
594258
594450
594719
594737
594754
594848
595009
595019
595053
595090
595239
595248
595290
595442
595579
595615
595769
595773
595778
595805
595810
595985
596043
596088
596128
596264
596316
596378
596425
596589
596600
596711
596793
597071
597176
597256
597471
597568
597720
598001
598169
598312
598328
598676
598741
598806
598821
598850
598950
598962
598992
599095
599394
599542
599701
599930
600085
600087
600243
600300
600365
600388
600509
600622
600640
600763
600823
600871
600903
601107
601185
601222
601522
601579
601682
601944
601958
602016
602046
602332
602336
602353
602383
602610
602627
602648
602807
602938
603295
603343
603656
603672
603933
604443
604542
604548
604694
604752
604757
604786
604843
604862
604937
605005
605224
605271
605278
605279
605299
605465
605704
605780
605869
605968
606039
606082
606094
606566
606642
606770
606794
606995
607143
607268
607371
607478
607481
607516
607613
607661
607852
608136
608447
608474
608805
608848
608869
609017
609298
609322
609402
609439
609494
609516
609665
609745
609999
610056
610144
610202
610336
610396
610473
610542
610550
610610
610759
610796
610811
610994
611117
611192
611343
611454
611467
611508
611526
611945
612160
612714
612733
612789
612810
612865
612883
612907
612974
613003
613152
613231
613286
613397
613444
613594
613600
613621
613704
613725
613730
613761
613774
613849
614167
614236
614337
614366
614460
614534
614813
614860
615013
615181
615253
615291
615473
615486
615779
615864
615888
616073
616080
616161
616199
616415
616474
616579
616880
616978
616998
617058
617220
617383
617411
617452
617711
617835
617853
617859
617909
617930
617959
618105
618122
618292
618406
618565
618605
618665
618693
618732
618862
619090
619165
619210
619351
619777
619786
619794
619963
619968
619987
620181
620207
620290
620333
620360
620514
620613
620635
620689
620757
620802
620809
621011
621439
621480
621866
621910
622158
622527
622782
622816
622942
623002
623030
623063
623150
623225
623554
623770
623802
623989
624113
624267
624421
624499
624657
624668
624855
624912
624989
625076
625324
625359
625372
625536
625558
625562
625604
625753
625982
625984
625989
625992
626083
626279
626352
626568
626611
626657
626760
626773
626814
626931
627020
627062
627085
627325
627373
627562
627593
627639
627761
627813
628003
628004
628050
628089
628138
628249
628336
628522
628570
628766
629000
629017
629165
629256
629315
629565
629586
629649
629776
629867
629956
630144
630154
630157
630245
630359
630477
630483
630553
630556
630791
630909
630979
631123
631139
631169
631211
631239
631353
631483
631602
631713
631750
631811
632098
632103
632108
632137
632184
632455
632553
632594
632644
632657
632731
632736
632762
632777
632929
633056
633272
633384
633475
633537
633556
633833
633876
634221
634366
634408
634426
634690
634892
635044
635090
635257
635287
635298
635305
635321
635353
635419
635554
635590
635623
635835
635978
635995
636084
636176
636214
636277
636310
636371
636552
636693
636766
636825
637173
637213
637220
637383
637446
637645
637774
637914
638108
638123
638185
638319
638326
638328
638377
638442
638493
638512
638621
638634
638738
638774
638883
638978
639128
639134
639180
639202
639406
639485
639499
639532
639533
639589
639671
639739
639875
639887
639896
640229
640717
640769
641062
641171
641400
641453
641585
641817
642009
642160
642320
642412
642561
642683
642776
642811
643151
643192
643221
643259
643390
643470
643730
643795
643840
643916
643972
643974
644161
644186
644193
644332
644367
644382
644421
644532
644602
644621
644675
644743
644872
644884
644940
645001
645027
645055
645107
645148
645300
645694
645732
645885
646011
646045
646125
646278
646327
646469
646519
646601
646612
646640
646663
646671
646849
646969
646980
647012
647024
647027
647032
647129
647287
647417
647585
647634
647762
647869
648050
648095
648155
648164
648252
648345
648509
648520
648625
648677
648745
648799
648809
648814
648882
648903
648935
649053
649162
649222
649260
649308
649369
649445
649546
649632
649661
649665
649879
649880
649928
649941
650039
650040
650254
650328
650462
650502
650741
650829
650887
650987
651239
651314
651326
651399
651468
651491
651561
651706
651806
651844
651958
652213
652319
652659
652913
652982
653039
653168
653205
653300
653477
653583
653804
653941
654085
654199
654271
654367
654412
654746
654756
654842
654950
655126
655254
655301
655389
655407
655474
655574
655694
655732
656019
656021
656022
656038
656187
656316
656367
656921
657484
657495
657596
657635
657666
657693
657799
657837
657867
657869
658373
658381
658494
658884
658976
659018
659057
659643
659659
659782
660260
660432
660437
660553
660627
660651
660660
660730
660838
660899
661063
661141
661154
661480
661588
661737
661769
661788
662317
662456
662656
662951
662992
663071
663354
663371
663553
663603
663840
663901
663995
664021
664128
664347
664398
664426
664429
664808
664875
664960
664974
664975
665005
665092
665138
665207
665218
665284
665312
665361
665461
665552
665589
665662
665834
665836
666049
666050
666135
666170
666260
666293
666294
666405
666411
666443
666476
666488
666508
666654
666736
666771
666873
666970
667085
667134
667307
667605
667724
667843
667953
668037
668176
668222
668247
668256
668492
668854
668876
668931
668973
668985
669144
669163
669174
669207
669635
669680
669730
669748
669750
669947
670135
670326
670353
670354
670656
670657
670685
670716
670740
670822
670879
671078
671090
671188
671231
671280
671433
671459
671465
671499
671576
671693
671708
671752
671826
671938
672088
672193
672242
672440
672670
672764
672903
672922
673257
673390
673595
673641
673678
673698
673783
673795
673810
673887
674075
674088
674250
674373
674397
674644
674690
674723
674799
674816
674873
674911
675003
675067
675081
675154
675228
675229
675302
675351
675731
675756
675766
676201
676277
676373
676404
676419
676440
676519
676550
676623
676718
676834
677137
677162
677282
677460
677696
677770
677806
677896
677952
678065
678089
678138
678492
678513
678606
678865
678894
678912
679046
679095
679315
679331
679496
679570
679664
679960
679971
679973
680000
680005
680091
680181
680187
680239
680476
680533
680543
680632
680701
680716
681166
681374
681418
681421
681444
681483
681519
681529
681716
681767
681876
682151
682322
682373
682410
682496
682555
682580
682638
682682
682900
683161
683193
683210
683212
683217
683412
683509
683604
683645
683652
683703
683975
684042
684191
684248
684293
684314
684509
684603
684608
684669
685033
685123
685180
685322
685364
685528
685616
685639
685687
685724
685729
685803
685872
685897
685932
685960
685968
686000
686008
686012
686081
686282
686676
687011
687285
687304
687404
687458
687690
687822
687894
687932
688164
688168
688247
688307
688364
688367
688470
688500
688513
688640
688689
688762
688810
688870
688960
688996
689093
689109
689248
689263
689281
689416
689521
689556
689667
689681
689700
689784
689948
690213
690584
690651
690675
690788
690923
690940
691288
691453
692266
692347
692422
692565
692569
692634
692650
692661
692677
692688
692749
692845
693236
693240
693350
693445
693447
693490
693495
693619
693734
693806
693808
693902
694016
694102
694197
694408
694418
694507
694516
694543
694748
694803
694827
694885
694959
695059
695157
695454
695518
695593
695830
695865
695921
696081
696094
696234
696292
696352
696362
696547
696592
696703
696735
696800
697130
697151
697173
697277
697294
697404
697498
697655
697688
697719
697972
698008
698015
698060
698223
698497
698523
698542
698650
698705
698739
698796
698804
698818
699014
699062
699091
699172
699253
699288
699319
699340
699531
699579
699687
699760
699794
699931
699932
699964
699975
700108
700148
700173
700274
700314
700357
700543
700594
700617
700834
700908
700923
701360
701394
701691
701745
701897
702048
702094
702336
702483
702545
703234
703273
703329
703460
703503
703556
703593
703602
703621
703633
703688
703725
703942
704088
704089
704097
704327
704350
704370
704406
704458
704483
704510
704611
704669
704879
704933
704959
705329
705365
705377
705460
705525
705731
705759
705770
705772
705917
705954
706044
706088
706215
706443
706460
706553
706654
706697
706702
706812
706824
706850
706906
707033
707334
707512
707622
707624
707758
707905
707916
708001
708090
708115
708157
708159
708215
708380
708468
708611
708663
708686
709144
709334
709386
709398
709550
709628
709634
709650
709673
709852
710009
710033
710056
710235
710282
710388
710517
710761
710900
710925
710965
710970
711077
711081
711105
711132
711167
711207
711327
711510
711721
711938
712122
712319
712332
712340
712348
712652
712778
712880
713045
713086
713213
713240
713606
713643
713912
713929
714101
714280
714355
714409
714488
714560
714829
714950
715008
715011
715062
715107
715165
715273
715285
715329
715356
715653
715874
715888
715944
715957
716080
716105
716126
716173
716193
716220
716423
716589
716751
716772
716819
716863
716978
717001
717040
717088
717242
717277
717347
717353
717374
717426
717428
717489
717536
717718
717942
718042
718144
718550
718652
718672
718765
718841
718967
719136
719218
719269
719310
719348
719394
719399
719406
719408
719495
719537
719618
719645
719663
719835
719862
719904
720250
720358
720521
720655
720684
720744
720753
720874
721098
721303
721317
721506
721838
721875
722014
722207
722238
722506
722523
722602
722796
722877
722980
723030
723125
723390
723422
723526
723532
723552
723568
723582
723728
723745
723813
723854
723868
723915
723969
724003
724007
724029
724162
724207
724269
724416
724504
724518
724555
724593
724827
725092
725097
725201
725393
725490
725622
725799
725806
725816
725878
726113
726115
726126
726700
726950
727214
727459
727543
727856
728019
728048
728173
728234
728336
728436
728444
728491
728681
728757
729193
729335
729387
729658
729855
729901
729904
730015
730100
730387
730415
730431
730608
730815
730824
730829
730914
730994
730996
731002
731109
731165
731189
731212
731281
731362
731369
731404
731659
731701
731867
732073
732077
732212
732401
732415
732500
732521
732531
732547
732556
732907
732992
733160
733244
733339
733361
733376
733397
733440
733539
733664
733698
733865
733871
733913
733958
734007
734043
734069
734126
734331
734429
734804
734916
735041
735061
735177
735192
735383
735460
735663
735692
735821
735954
736018
736039
736245
736258
736285
736463
736549
736608
736695
736752
736768
736911
737374
737407
737437
737558
737596
737737
738235
738387
738485
738516
738684
738787
738828
738942
739037
739105
739215
739222
739246
739325
739357
739435
739604
739661
739715
739734
739888
739935
740201
740220
740521
740562
740563
740601
740661
740666
740762
740896
740926
740958
741004
741050
741185
741266
741622
741858
741943
741944
742088
742130
742312
742338
742340
742451
742651
742849
742975
743010
743065
743115
743302
743336
743525
743546
743727
743898
743948
743982
744001
744064
744091
744245
744275
744430
744477
744536
744706
744855
744902
744920
745013
745129
745172
745197
745228
745372
745374
745449
745570
745625
745727
745931
745970
746101
746129
746290
746681
746795
747068
747132
747242
747296
747358
747641
747680
747746
747789
747824
747865
747875
748142
748144
748300
748626
749057
749071
749091
749115
749146
749330
749400
749569
749725
749945
750051
750088
750232
750481
750584
750839
751081
751189
751221
751362
751412
751723
752014
752037
752304
752362
752464
752508
752713
752731
752741
752769
752847
752896
752996
753001
753016
753206
753307
753312
753358
753614
753736
753796
753814
753950
754042
754423
754535
754942
755139
755162
755356
755388
755487
755577
755774
755904
756226
756242
756261
756335
756419
756513
756553
756657
756891
757074
757154
757196
757357
757409
757446
757676
757880
757984
757998
758145
758281
758308
758410
758415
758467
758504
758568
758633
758646
758647
759289
759459
759540
759569
759773
759907
759953
759969
760082
760194
760203
760235
760236
760237
760243
760390
760471
760718
760866
760869
761001
761022
761123
761190
761285
761320
761351
761467
761468
761622
761700
761801
761809
761854
762208
762336
762454
762564
762890
762936
763002
763230
763384
763688
763811
763815
763845
763938
764042
764051
764144
764174
764338
764344
764379
764387
764410
764501
764628
764949
765046
765181
765318
765362
765436
765578
765637
765739
765960
765978
766180
766401
766715
766783
766895
766958
767171
767372
767407
767554
767604
767613
767663
767732
767763
767785
767973
768049
768055
768110
768365
768393
768639
768912
768991
769051
769077
769558
769585
769653
769709
769860
769870
770050
770052
770067
770137
770220
770476
770580
770660
770694
770711
770974
771049
771166
771203
771265
771485
771543
771854
771880
771884
772082
772264
772271
772390
772671
772716
772992
773353
773478
773523
773703
773758
773892
774037
774089
774167
774233
774334
774437
774480
774629
774633
774772
774971
775048
775431
775587
775697
775929
776164
776278
776420
776474
776592
776668
776691
776802
776863
776936
776988
777121
777227
777316
777374
777375
777443
777675
777718
777750
777758
778125
778189
778288
778331
778369
778464
778608
778899
778909
778935
779492
779672
779743
779792
779850
779956
780044
780153
780315
780326
780416
780494
780646
780684
780846
780860
780946
781231
781259
781274
781320
781625
781722
781734
781819
781982
782094
782114
782385
782424
782447
782502
782551
782587
782594
782690
783022
783034
783219
783244
783307
783398
783486
783546
783547
783612
783713
783901
783930
784322
784332
784416
784425
784566
784630
784659
784671
785072
785146
785194
785216
785328
785329
785825
786090
786093
786153
786159
786184
786187
786286
786355
786904
787628
787874
787961
788128
788162
788206
788217
788323
788352
788471
788480
788499
788520
788546
788626
788936
789000
789101
789200
789219
789296
789317
789574
789591
789624
789742
789745
789850
789889
789968
790011
790019
790265
790428
790667
790680
790695
790746
790840
791104
791248
791403
791726
791910
792168
792194
792253
792264
792364
792548
792586
792601
792605
792613
792703
792800
793238
793316
793359
793379
793577
793672
793689
793691
794013
794098
794347
794575
794668
794701
794758
794895
794924
795069
795096
795275
795313
795642
795682
795821
795825
795829
795842
795918
795965
796117
796458
796534
796613
796710
796822
796918
797062
797122
797193
797236
797271
797360
797390
797693
797733
797799
797825
797866
797935
798015
798304
798733
798884
798911
799073
799341
799358
799749
799794
799835
799850
799852
799873
799907
799993
800177
800242
800297
800427
800649
800721
801047
801049
801141
801529
801728
801997
802031
802114
802123
802524
802525
802675
802682
802693
802867
802879
803090
803135
803138
803146
803221
803352
803364
803416
803477
803492
803628
803678
803707
803807
804094
804122
804228
804302
804333
804414
804418
804430
804478
804553
804810
804816
804859
804879
804937
804960
804989
804996
805045
805051
805185
805220
805280
805308
805411
805569
805574
805884
805887
805971
806024
806309
806356
806410
806556
806567
806579
806681
806707
806937
806959
807076
807451
807872
807874
807978
808410
808688
808700
808744
808796
808871
808872
809297
809343
809671
809740
809766
809775
809786
809951
809996
810337
810484
810538
810657
810666
810715
810756
810778
810943
811286
811363
811478
811655
811757
812002
812009
812311
812326
812384
812608
812734
812802
812808
812911
813118
813271
813423
813584
813838
813976
814004
814014
814061
814358
814436
814592
814690
814782
814898
814945
815000
815071
815291
815433
815732
815812
815930
816094
816184
816256
816324
816451
816531
816579
816610
816644
816720
816809
816992
817156
817249
817427
817433
817472
817543
817640
817685
817707
817883
817979
818051
818083
818390
818415
818871
818950
819289
819293
819429
819636
819662
819786
819795
819829
819971
819989
820021
820114
820170
820402
820453
820567
820680
820682
820746
820870
820956
821331
821491
821626
822041
822189
822205
822269
822313
822511
822532
822665
822850
823214
823472
823502
823535
823558
823652
823909
823927
823936
823951
824107
824276
824398
824429
824851
825043
825159
825214
825347
825443
825565
825599
825634
825694
825761
826005
826115
826163
826417
826546
826861
826914
826921
826970
827010
827131
827434
827649
827656
827680
827758
827799
828121
828146
828414
828415
828428
828458
828527
828599
828773
828859
829014
829093
829164
829197
829211
829236
829322
829333
829604
829611
829717
829739
829749
829751
829846
829903
829980
830047
830094
830160
830238
830385
830617
830715
830760
831068
831083
831174
831198
831852
831887
831969
832151
832261
832430
832660
832758
832856
832942
833154
833227
833230
833285
833356
833358
833609
833634
833924
834047
834144
834166
834243
834382
834403
834562
834721
834751
834811
834867
834974
835292
835432
835576
835595
835601
835692
835787
835902
836063
836112
836196
836299
836377
836667
836915
836921
837045
837122
837527
837536
837576
837586
837654
837869
838033
838281
838351
838466
838580
838587
838592
838717
838733
838864
838937
839033
839049
839483
839487
839508
839523
839571
839721
840247
840264
840322
840393
840406
840438
840605
840727
840942
840988
841066
841128
841327
841376
841559
841679
841814
841872
841878
842052
842068
842218
842245
842412
842432
842514
842537
842804
842916
843007
843069
843292
843354
843367
843435
843795
843921
843930
844038
844149
844245
844251
844289
844355
844358
844517
844564
844621
844770
845008
845061
845082
845153
845162
845229
845254
845387
845400
845461
845746
845907
845936
846018
846470
846609
846615
846622
846790
846825
846916
846923
847071
847090
847119
847162
847302
847393
847402
847415
847511
847727
847766
847802
847936
848073
848216
848330
848414
848591
848598
848843
848851
848863
848872
848875
848895
848934
848990
849057
849078
849136
849159
849337
849354
849414
849427
849428
849538
849715
849864
849954
850101
850113
850275
850279
850406
850509
850514
850573
850615
850699
850769
850772
850814
850845
851136
851243
851299
851424
851463
851492
851567
851586
851809
851927
851979
852018
852256
852469
852560
852583
852653
852817
852970
853071
853270
853641
853743
853752
853785
853945
854048
854049
854087
854237
854288
854437
854833
854931
855029
855312
855345
855479
855594
855673
855732
855756
855877
856394
856595
856975
857082
857192
857510
857608
858052
858082
858657
858776
858796
858922
858950
858953
859073
859132
859295
859351
859369
859564
859593
859720
859899
860114
860179
860204
860308
860490
860502
860683
860742
860750
860755
860857
860926
860998
861109
861176
861411
861453
861561
861583
861799
861816
862040
862057
862095
862127
862147
862297
862403
862505
862604
862709
862811
862830
862856
863205
863466
863535
863594
863612
863754
863878
864104
864182
864238
864285
864506
864555
864599
864605
864668
864694
864766
864910
865113
865323
865476
865791
865900
865940
865952
866222
866288
866347
866448
866487
866513
866668
866887
867245
867625
867698
867772
867830
867868
867960
868017
868077
868088
868175
868288
868327
868471
868576
868709
868740
868876
868892
868893
868965
869194
869213
869267
869442
869701
869747
869766
869881
869886
869915
869939
870043
870065
870085
870178
870213
870419
870465
870492
870608
870677
870870
870880
870896
870955
871109
871155
871214
871338
871397
871425
871444
871641
871684
871811
872224
872341
872747
872900
873040
873041
873066
873093
873366
873374
873524
873558
873572
873620
873691
873736
873798
873811
874016
874120
874216
874278
874384
874599
874657
874851
874905
874935
875361
875474
875509
875546
875746
875870
876049
876064
876130
876231
876252
876253
876272
876301
876755
876757
876851
876980
877109
877134
877208
877261
877408
877418
877792
877798
877820
878006
878032
878043
878045
878061
878174
878313
878338
878361
878919
879047
879113
879162
879184
879408
879590
879626
879717
879838
879939
880251
880294
880309
880340
880432
880475
880739
880762
880817
880884
880973
881464
881544
881673
881754
881825
881849
881960
881993
882018
882109
882345
882673
882716
882725
882786
882902
883134
883311
883322
883422
883525
883713
884033
884041
884145
884239
884391
884487
884502
884600
884633
884756
884782
884806
884922
884941
885077
885343
885355
885418
885609
885742
885746
885845
885901
886078
886217
886232
886303
886317
886411
886649
886724
886736
886861
886953
887163
887181
887183
887336
887364
887461
887467
887585
887632
887680
887687
887711
887722
887777
887800
887824
887839
887858
888097
888147
888149
888160
888186
888293
888346
888597
888662
888871
889206
889408
889430
889470
889522
889537
889653
889678
889684
889716
889843
889900
890120
890211
890435
890453
890591
890942
890962
891281
891437
891478
891585
891750
891823
891941
892141
892521
892926
892953
892969
893027
893029
893322
893615
893629
893658
893667
893682
893762
894251
894450
894477
894543
894574
894584
894651
895093
895151
895506
895645
895871
895895
895907
896052
896056
896125
896130
896255
896271
896569
896706
896733
896980
897048
897070
897211
897213
897485
897801
898100
898277
898436
898443
898481
898688
898810
898910
899001
899011
899084
899250
899253
899326
899395
899567
899702
899799
899955
900004
900103
900136
900230
900326
900563
900645
900652
901037
901077
901124
901213
901319
901331
901558
901721
901912
901994
902092
902237
902490
902514
902600
902604
902684
902690
902699
902742
902992
903179
903230
903355
903378
903408
903729
903775
903826
903953
904025
904066
904301
904362
904442
904533
904546
904617
904693
904695
904700
905329
905382
905443
905476
905542
905587
905634
905661
905976
906002
906018
906242
906302
906313
906506
906513
906616
906659
906763
906967
907033
907099
907125
907164
907289
907493
907533
907686
907737
907772
907774
908019
908117
908165
908321
908769
908773
908791
908867
908910
909072
909131
909194
909242
909285
909499
909586
909769
909790
909973
910015
910085
910209
910274
910430
910629
910642
910647
910698
910789
910832
910911
910915
911099
911128
911370
911534
911718
911757
911766
911918
911956
912011
912074
912178
912266
912366
912377
912425
912458
912536
912619
912622
912755
912800
912845
912876
913081
913184
913351
913562
913576
913603
913682
914132
914230
914279
914390
914408
914521
914558
914597
914805
914817
914875
914948
914957
914974
914981
915025
915091
915204
915320
915413
915635
915666
915781
915902
915973
916018
916046
916076
916103
916138
916263
916388
916513
916524
916611
916620
916747
916769
916791
916801
916906
916939
916990
917066
917259
917336
917345
917491
917599
917688
918126
918334
918479
918494
918558
918593
918720
918757
918857
918954
919237
919278
919297
919310
919415
919476
919494
919532
919559
919738
919743
920007
920104
920128
920140
920206
920232
920308
920310
920321
920366
920406
920523
920614
920757
920845
920902
920958
921034
921085
921148
921201
921623
921690
921693
921716
921785
921924
922029
922214
922316
922363
922610
922617
922691
922727
923081
923112
923263
923358
923378
923442
923514
923610
923615
923715
923845
923961
924025
924081
924096
924286
924338
924361
924522
924540
924709
924748
924905
924935
925107
925139
925193
925319
925326
925358
925371
925423
925431
925552
925842
925849
925856
925949
926087
926205
926293
926298
926351
926353
926481
926686
927059
927074
927165
927322
927390
927441
927499
927625
927668
927725
927822
928136
928208
928301
928336
928414
928457
928526
928931
929334
929348
929408
929445
929476
929735
929769
929775
929791
929827
930163
930168
930211
930303
930470
930526
930958
931036
931115
931120
931308
931480
931490
931672
931828
931882
932088
932172
932225
932271
932355
932554
932555
932734
932760
932796
932869
932979
933025
933124
933223
933478
933502
933548
933702
933725
933780
933856
933878
933982
934005
934187
934204
934219
934230
934442
934693
934796
934799
934868
934990
935024
935161
935507
935775
935807
935871
935909
935956
936080
936116
936201
936276
936320
936380
936531
936722
936902
936990
937006
937112
937259
937417
937546
937593
937595
937733
937758
937865
937891
938032
938093
938101
938126
938253
938256
938663
938710
938713
938849
939067
939103
939207
939225
939429
939528
939562
939701
939747
939757
939792
939825
939900
940115
940136
940236
940528
940571
940585
940630
940870
940937
940989
941004
941015
941255
941263
941492
941550
941642
941922
942026
942221
942271
942413
942419
942510
942634
942662
942674
942764
943336
943411
943556
943656
943659
943786
943814
944309
944586
944704
944739
944743
944891
944923
945140
945159
945186
945288
945399
945437
945446
945475
945578
945683
945724
945769
945801
945872
945920
945927
946041
946091
946166
946254
946330
946344
946373
946429
946462
946525
946671
946695
946786
946811
946858
946898
946912
947016
947022
947025
947453
947487
947595
947871
947975
948017
948086
948233
948268
948388
948403
948612
948632
948652
948686
948708
948769
948780
949022
949365
949556
949584
949605
949616
949631
949830
949840
949898
949924
950000
950092
950134
950150
950299
950433
950481
950560
950620
950653
950854
951092
951197
951253
951274
951374
951451
951547
951580
951804
951938
952143
952270
952383
952450
952574
952716
952717
952726
952771
952860
952880
953232
953285
953310
953330
953361
953549
953575
953713
953796
954064
954102
954184
954260
954426
954505
954614
954630
954793
954823
954842
954992
955013
955152
955178
955522
955615
955631
955784
955813
955827
955843
955849
956219
956671
956745
956902
957350
957393
957437
957505
957536
957552
957603
957801
957882
958100
958138
958155
958329
958475
958508
958531
958600
958874
958887
958966
959246
959429
959436
959442
959583
959586
959687
959928
959944
960135
960223
960453
960622
960638
960648
960716
960726
960735
961014
961126
961141
961223
961317
961563
961648
961768
961786
961790
961887
961995
962042
962215
962225
962424
962583
962595
962606
962685
962750
962796
962892
962893
962991
963059
963323
963337
963357
963397
963453
963506
963536
963959
964042
964086
964129
964157
964284
964372
964435
964614
964677
964940
964946
965015
965077
965386
965401
965444
965605
965634
965703
965846
966049
966058
966124
966144
966236
966551
966650
966674
966710
966827
967032
967170
967216
967223
967254
967353
967423
967509
967537
967548
967552
967671
968048
968068
968173
968381
968403
969002
969028
969065
969432
969574
969672
969769
969782
969833
969910
970050
970157
970340
970344
970398
970631
970643
970771
970942
971152
971274
971324
971605
971685
971762
971809
971859
971964
972041
972226
972278
972562
972592
972695
972758
972827
972913
973026
973041
973088
973189
973502
973838
973898
974044
974047
974090
974092
974171
974279
974420
974458
974471
974564
974576
974601
974710
974739
974995
975006
975349
975923
976084
976483
976555
976557
976603
976606
976808
976814
977057
977073
977277
977346
977360
977377
977384
977430
977455
977495
977505
977585
977850
978090
978181
978520
978563
978594
978598
978908
979055
979073
979182
979264
979491
979541
979585
979811
980158
980206
980290
980335
980516
980616
980735
980871
980893
980959
981113
981133
981149
981175
981300
981318
981382
981509
981800
981921
982210
982217
982275
982338
982349
982430
982496
982525
982669
982676
982687
982711
982750
982810
982989
983031
983050
983053
983082
983102
983150
983327
983382
983419
983522
984100
984165
984513
984622
984635
984720
984760
984931
985339
985366
985609
985635
985652
985660
985688
985751
986040
986147
986257
986329
986496
986541
986554
986599
986653
986683
986777
986837
986930
987029
987115
987124
987332
987585
987737
987990
988218
988338
988655
988664
988695
989088
989222
989296
989327
989331
989557
989619
989712
989919
989953
990223
990272
990391
990456
990624
990708
990795
990802
990859
991014
991022
991233
991409
991441
991474
991633
991638
991645
991745
991853
992030
992146
992308
992336
992402
992643
992677
992704
992849
993055
993094
993107
993338
993345
993535
993641
993699
993787
993855
994039
994103
994128
994238
994250
994269
994343
994349
994460
994677
994735
994781
994858
994997
995029
995103
995198
995256
995310
995507
995541
995611
995623
995656
995680
995698
995781
995852
996069
996145
996328
996360
996461
996488
996577
996629
996636
997054
997142
997144
997596
997714
997720
997904
997924
997935
997979
997989
998076
998273
998291
998518
998609
998781
999086
999272
999419
999447
999862
999889
999909
999984
Comparaes = 65988400
Troca = 7363762
