2723
3384
4299
4680
6129
6583
7584
7910
8456
9016
9388
11471
12738
13574
14016
14997
15605
16686
16990
17227
20647
21717
21742
22156
23481
23924
24676
25284
26384
26456
27152
28571
29288
29359
30910
31370
32581
32984
33330
35622
36435
37842
38323
39275
41045
41424
41695
42061
43059
43432
43490
43505
43649
46549
47191
47337
48103
48309
48436
48709
49401
50541
50586
50814
54860
55243
55547
56012
56091
57695
58666
58865
58890
63738
63770
64946
67127
67383
67491
69592
70034
70686
72758
74699
75067
75380
76142
76268
78763
78808
79365
79488
80199
80697
81776
84095
85316
85940
86024
86227
87273
88073
88135
89535
91043
92263
93267
93319
96801
97992
98266
100510
101005
101076
102289
102772
103857
105316
108204
109538
109809
111011
111922
112574
114338
114891
115387
116644
117591
120661
121365
122490
124220
124365
124445
125097
125212
125331
127068
130589
132721
132856
135930
136675
136792
139725
142073
142324
143415
144610
145082
146689
148021
149820
150392
150464
154097
156362
156492
156592
159369
159661
160425
160862
160892
162066
163059
164248
167234
167500
169506
170528
171240
172869
173386
174660
174789
176834
177517
178748
179093
179444
179718
179750
180471
181727
182851
183594
186005
187016
187305
187398
188857
189307
190329
190582
191288
191946
192593
197147
197944
201267
203269
203382
205157
205708
206030
206403
208138
208780
208955
209851
210473
211167
214568
214895
216231
216527
217049
219574
220856
220906
222771
226083
227001
227875
227927
228794
229326
229791
231505
231919
232276
233347
233553
234318
234319
234639
235639
235649
238788
241307
241433
241939
241970
243414
245193
245926
246746
247253
249176
249597
250338
250899
251714
252449
256747
257124
257274
260104
260964
262003
265053
266936
267120
268629
268708
268843
269234
269329
272588
272975
274283
274357
275795
276211
276234
277376
277579
278126
278821
279658
282316
282811
283078
284138
284230
284852
286743
287502
287972
288311
288728
289331
289865
290459
292545
293121
293158
293985
296643
297541
297888
299374
300171
300229
302346
302488
303241
304475
305158
305206
305438
306391
306505
309395
309791
311230
313793
315676
317112
317230
320015
320811
322497
323070
323947
326316
327285
327836
327839
329527
330024
330120
330464
331434
332475
333116
333263
333436
335179
337106
338781
341903
342352
342628
342966
343648
344562
345620
347916
348090
348402
348927
349442
350075
351280
352714
353043
353291
354158
356276
357446
358116
358457
360082
361629
362998
363541
363942
364843
366947
368513
368545
369736
370368
372788
373577
373981
374740
377063
377769
378618
380554
380610
382878
383058
384136
384837
386152
387226
390157
391179
393191
394077
395472
395508
395584
395800
397363
397608
398604
400061
402255
402537
402625
405911
405954
406431
406444
407400
407751
407816
408320
409716
410075
410157
411309
411600
412297
416503
416575
416871
419191
423817
424629
426178
427066
427641
428281
430918
431355
432822
432884
435551
437362
438745
439105
441624
442439
444902
445383
445421
447854
447903
449455
449504
450018
450660
451282
453835
454468
454827
454866
455069
456035
456889
458117
458135
458846
460166
461131
461362
463536
466055
466732
467584
471044
471428
472680
474841
475943
476184
476330
476391
476693
477575
478414
479515
479831
480525
480640
481813
483248
483534
484206
485492
487533
487918
487998
488559
488884
489212
489988
491877
492961
493265
494724
495123
495822
503863
504187
504958
505980
506950
507689
509006
509283
511688
513374
514284
515151
516504
517795
521874
523809
525831
527401
528155
528361
529359
529394
529592
531837
532001
532011
532383
534769
535404
535917
535976
537212
538121
538211
539569
541652
542696
542963
543745
545211
545420
546868
548203
550882
552136
552156
552361
555337
557631
557654
557712
559029
560713
561859
562840
564522
565011
565800
567515
567556
568181
568320
569265
570137
572745
574021
576256
579949
581369
583714
585809
587931
588110
588699
590439
591502
592550
595179
596710
596909
597959
598012
598081
598153
600071
600725
600747
601303
601333
601695
601792
601891
601911
603246
604238
604373
604582
607120
607790
608356
608940
609466
610735
610845
611005
612462
612531
612617
616755
617127
617932
618066
618930
619443
619857
622309
623300
623425
623478
623609
624008
624030
624111
625026
627285
629494
630685
630768
630825
631252
631749
633435
633808
634355
635700
637319
639130
639726
640834
640951
641805
644438
645316
648036
648591
648793
649131
649508
649922
652175
652292
652837
653039
653201
653308
653691
654410
655547
657090
657457
657911
662976
663358
663524
666691
668269
668320
669691
669938
670099
670481
670938
671126
672587
673321
673616
674404
675340
676440
676919
677379
677648
678554
680359
680457
680617
680734
682142
683052
683279
684266
687712
688554
691278
692356
693625
695705
695798
696560
697625
698872
699780
702480
702482
703207
704356
705129
710734
711546
711764
712118
712574
714072
714278
716459
717214
718971
719584
720119
720758
720759
721790
721896
722335
723439
723540
723578
724075
724443
725760
726072
726088
727965
731484
731601
732052
732844
734268
734759
735535
735782
736155
737845
739010
739150
740235
740369
742298
745883
747072
748042
748623
749458
750875
750972
751223
752012
752662
753250
755432
757491
758282
758670
759346
760147
761115
762309
768101
769466
771383
772208
772590
772901
774051
774052
775091
775665
778298
778621
779359
780482
780604
783068
784879
786520
786777
786988
788218
788717
789937
791430
794914
795499
795692
796675
796710
797246
798017
798154
799766
800389
801173
803680
806249
809098
810149
811139
811466
811563
812231
812585
812757
814849
815008
815581
818137
818502
820466
820679
820977
821081
821282
821477
823665
823909
824764
824784
826643
827565
827959
828138
828508
830425
831015
831345
832379
832627
832713
833011
833606
833799
834454
834546
835581
836192
837526
838258
839018
839119
839312
840123
840968
840999
841347
841452
842492
842942
843769
844037
845550
846154
847523
847721
847834
848640
848945
849923
850128
850315
851305
852470
852718
853940
854116
854578
854644
854947
858544
858718
859329
863507
863951
864969
866274
866487
866901
868046
868349
869081
869594
870190
870554
872811
872920
873039
873984
875862
876070
876243
876282
876913
879856
879966
880042
880182
880795
884095
884290
885410
885676
889687
891066
891478
891738
893319
895142
895477
896524
897549
898675
899087
904519
905230
906700
907844
907970
908284
908392
909567
910763
910778
912444
912513
914702
917352
917375
919011
920039
920402
920698
922855
925260
925796
925977
927470
929579
930345
930379
930665
931739
931903
937908
938459
938521
940871
941153
944078
944129
944376
949674
952065
952660
953264
953468
954349
957319
958884
960809
961693
962397
962534
963016
963397
963422
964128
964402
966522
966832
968383
970256
972870
973121
973312
974017
975518
976115
978764
981187
981601
985772
987895
988204
989874
994455
995197
995202
995966
997592
998475
999445
Comparações = 499500
Troca = 999
