3003
3232
3395
4200
4208
4443
7010
8371
11288
12495
14489
16076
16898
17034
19344
20133
20748
21382
23607
24423
24555
26980
27540
28275
29547
29654
29827
30186
30728
32003
33056
33062
35032
35627
35979
36010
36089
36755
39321
40040
40236
41489
41709
42823
43476
43968
45302
45672
46354
46756
47569
48366
48822
48888
49074
49253
49840
51371
51589
51905
54600
54806
54980
56888
57563
59248
59804
61343
62980
63711
63789
65933
66171
68316
69331
69988
70979
73152
73530
74240
77015
77132
77702
78440
79256
81784
82139
83143
83292
87518
87551
87882
88063
88866
89437
90150
90352
90422
90475
91527
92409
92846
95912
96490
98512
99765
100785
100804
101420
102079
102248
103499
104146
104165
105956
109894
116017
116506
117572
118231
118727
119907
120481
121152
121895
122301
123185
123718
123924
124661
125059
126534
126812
126943
127667
129275
129498
129564
130781
132224
132405
133002
134019
134976
138082
139491
139964
140929
141144
141229
141327
141668
145690
146247
147202
147399
151624
152127
152314
152895
155911
156819
159275
160251
163266
163321
163354
164055
164819
165112
166459
166754
168018
168561
168951
170149
171154
171741
172137
172493
172824
175047
176501
176729
177685
177696
178163
178610
178747
179782
180610
180855
181541
181850
183977
185637
189329
190101
192200
194180
196026
198514
198940
199351
199693
200004
201611
202343
202375
203804
204543
204614
206527
206705
207036
207339
211310
211671
212896
214686
214730
214972
215692
217293
218611
221862
222109
222258
223331
223413
224524
224632
224945
225074
225503
225647
228073
229470
229727
230259
231634
231678
232667
233812
235866
238133
238240
239755
241503
241977
242131
242576
242766
243368
244020
245081
245836
246657
246836
247100
248264
251271
253546
255028
256246
256788
257044
258698
260045
260989
261134
262760
263029
264039
264439
267440
268265
270192
270878
275660
276448
276480
276587
277090
278900
285221
289047
289943
289975
290642
290941
291127
293243
294510
294960
295027
296463
296730
298387
298890
299443
299610
302306
302646
302703
303668
304958
308665
311030
312336
313126
314078
314456
316334
318447
319006
320502
320681
321091
321827
322505
324382
325086
325260
326699
327882
329393
329765
331012
332747
332762
333697
334131
334745
335942
339123
339300
340809
341090
344056
344290
344446
344621
348603
350282
350851
351166
351320
351910
352866
353438
353673
354390
356087
356689
358583
359302
359787
360121
360203
363538
364960
365218
365519
365763
365847
365980
367208
367594
368958
369460
370642
370677
370741
371554
371943
372926
374062
374795
377720
378039
378467
379589
380446
381283
382737
382881
383370
384434
384464
386208
387256
388457
388492
388860
391447
396289
396495
398491
400250
402126
402992
408483
408789
409651
410279
412133
416876
417326
417455
419538
421317
422255
422573
423551
424632
424747
425657
425923
427623
429028
430523
430779
430924
431015
431606
432299
433561
434944
435964
437016
440164
440694
442601
443379
443785
444448
444481
445536
445986
446788
446794
449141
451096
451415
452734
453362
453699
454347
455276
458979
461230
463218
463374
464217
466743
470079
471901
472200
472579
473426
473835
474752
476631
477636
480098
480611
483781
484574
485464
487137
487249
488591
489065
490548
492994
493506
494328
494704
496693
496703
497335
497849
498314
498482
498874
498948
499188
500308
500477
500935
502432
502746
503115
503668
503709
505053
507093
508618
508899
509380
510104
510300
510944
511214
512289
512442
513552
515338
516187
516394
516652
516684
517667
518090
518821
518873
520861
522508
523618
523661
526250
526574
527417
528300
529577
529593
530048
530316
533390
537306
537691
538023
538616
538905
539808
540299
540905
541896
542136
542143
542247
543682
543959
543975
547115
547296
547454
547685
547707
548238
549428
549762
550039
551579
552007
552044
552469
553700
553961
554866
556333
557414
558012
558423
559397
560398
560831
560863
560912
561159
565239
565255
565562
566628
566917
567011
567378
567442
567541
568108
568190
571682
572267
575456
577540
578398
578549
581690
582768
585232
585514
586363
587606
589976
591143
591914
592394
592449
592490
594203
594474
594570
595091
595702
595861
596629
597004
597411
598771
598814
599959
600273
600795
600816
601854
601863
602157
603308
604654
609095
612445
614464
617667
620774
620929
621882
623211
623985
624220
624976
628168
629478
629791
631946
634401
634804
635965
636181
637060
637483
638841
639182
639551
639864
641522
642471
642689
642964
643180
643454
643593
644302
647086
647355
648569
648571
648899
650042
650873
652024
652085
652684
652772
653799
654366
655627
655694
657635
659466
659987
660096
661952
662587
663132
663649
663740
664665
665757
666229
669052
669884
670538
670691
670990
672320
676729
677624
680198
680356
682043
682510
684371
684626
684835
685386
685440
687037
687230
688451
689954
691072
692039
693424
693987
694046
695414
695608
695815
696438
696645
697629
698371
698784
699908
700281
704118
704228
705934
706375
706782
707269
707610
707652
707956
708807
709433
710532
711286
712321
713156
713909
715406
715491
718640
718770
721007
721253
721773
723968
724283
725222
725633
725714
726993
727058
728763
730818
731339
732042
732665
733573
736472
736651
736690
737191
738374
738587
739650
740758
741104
741539
743272
743803
744107
748560
748787
750693
750897
751479
751760
754071
754426
754963
756403
757303
757399
757432
758976
759241
760013
760959
762268
763571
765773
767388
767417
767554
767779
767813
767876
768876
769962
770008
770103
770205
770336
771815
772129
772481
773144
773400
773537
774068
775048
778156
779862
780016
780311
780837
781465
782032
782166
782854
783476
783946
784047
784351
786857
788198
789725
791949
792030
793208
793400
795498
796381
799073
799379
800580
801260
801378
802652
803144
803495
803974
804348
806233
806609
807206
807312
811610
814456
814554
814609
815481
816086
816323
816728
818766
819898
822326
822351
826630
827238
828199
829524
829958
830905
832042
833635
834801
835206
837448
837922
838527
838766
841245
841680
843582
845498
848770
850141
852130
854464
856404
859623
861381
861447
862007
862643
864916
866068
866189
867640
870214
872692
873433
874597
877362
878562
878598
880027
880556
882275
882653
882805
884227
885307
885504
886172
886486
886729
886861
889449
890380
890468
892474
893008
894134
895437
896763
897139
897563
897587
899678
900099
900966
901914
905940
906644
907017
907602
910193
910314
910821
911953
912554
912683
914385
914821
916155
916312
922917
923392
923533
924324
925190
926032
926229
926773
927268
930677
931196
932099
932307
933285
933527
934538
935979
937479
944604
946044
946912
947067
948508
948606
950425
950931
951852
951979
952392
952452
955506
955691
956986
957325
959961
960561
961207
961960
962230
963118
963396
963677
964077
966022
966931
967226
967714
969220
971243
973662
974643
978530
980693
980997
981071
981828
984655
985333
988269
988473
988763
989437
989476
992197
996055
997368
997859
Comparações = 499500
Troca = 999
