561
627
785
862
974
1051
1082
1199
1308
1494
1797
1884
1970
2046
2058
2082
2098
2114
2494
2576
2611
2713
2779
2911
3114
3137
3165
3184
3218
3319
3367
3468
3502
3654
3828
3958
3978
4071
4312
4436
4512
4534
4582
4783
4982
5037
5060
5389
5432
5626
5713
5786
5795
5950
5952
6034
6090
6203
6282
6309
6433
6609
6687
6951
6984
7029
7071
7190
7419
7544
8355
8666
9069
9238
9265
9418
9484
9523
9544
9698
9740
9830
9971
9972
9996
10019
10049
10079
10201
10321
10334
10425
10503
10762
10903
11021
11291
11354
11618
11661
11779
11816
11836
12129
12146
12153
12368
12451
12583
12881
12893
13230
13747
13748
13828
13854
14089
14204
14207
14337
14621
14649
14748
14945
15186
15201
15213
15249
15434
15715
15924
15928
15992
16119
16144
16210
16219
16259
16342
16469
16545
16602
16753
16883
16922
16923
17203
17513
17605
17984
18157
18186
18208
18216
18378
18379
18662
18781
18970
18976
19060
19132
19142
19249
19257
19383
19573
19578
19621
19632
19689
19698
19892
19898
19918
19972
19973
20043
20145
20181
20215
20290
20430
20485
20506
20516
20556
20766
20967
20971
21177
21257
21268
21307
21454
21608
21865
22122
22168
22266
22342
22456
22496
22741
22860
22897
23030
23130
23203
23287
23312
23475
23490
23572
23642
23646
23647
23843
23976
23988
24194
24204
24214
24261
24460
24467
24483
24564
24795
24852
24879
24892
24949
25097
25104
25438
25560
25607
25659
26106
26182
26282
26283
26378
26631
26685
26695
26791
26855
26861
27109
27130
27157
27170
27341
27403
27412
27513
27580
27627
27697
27790
27832
27915
27976
28147
28161
28208
28298
28494
28540
28542
28549
28551
28612
28749
28962
29014
29128
29222
29300
29387
29418
29546
29547
29656
29694
29810
30158
30438
30441
30493
30559
30682
31090
31447
31508
31620
31849
31912
31915
32010
32019
32046
32097
32158
32268
32373
32388
32639
32663
32736
32781
32911
33113
33281
33351
33675
33836
34493
34730
34790
34819
34845
35038
35068
35191
35205
35365
35487
35498
35586
35956
36096
36187
36255
36478
36645
36949
37038
37062
37111
37135
37285
37286
37530
37768
37793
37797
37935
38312
38501
38590
38753
38816
38838
38945
38954
39030
39079
39100
39155
39184
39210
39323
39355
39414
39465
39827
39834
39855
39905
39943
40133
40326
40445
40493
40623
40800
40813
41119
41130
41185
41298
41312
41518
41633
41978
42071
42136
42217
42349
42539
42547
42614
42827
43133
43209
43423
43455
43620
43681
43698
43804
43842
44012
44026
44033
44034
44068
44329
44447
44548
44609
44697
44711
44746
44871
44904
45080
45149
45172
45174
45336
45383
45589
45689
45870
45878
46133
46317
46438
46594
46630
46841
46848
47033
47201
47272
47610
47738
48059
48063
48101
48365
48481
48523
48527
48561
48761
48770
48968
49427
49451
49762
49813
49981
50156
50166
50351
50381
50528
50536
50628
50726
50973
51239
51363
51549
51578
51725
51729
51864
51870
52321
52402
52470
52574
52666
52704
52741
52865
53248
53257
53294
53366
53464
53472
53516
53560
53621
53640
53857
53893
53974
54077
54078
54117
54225
54499
54536
54552
54640
54793
54839
54857
54895
54960
54996
55381
55394
55401
55605
55763
55798
55875
55931
56019
56033
56079
56121
56561
56616
56674
56678
56821
56836
56896
56917
56940
57163
57396
57533
57947
58047
58052
58065
58185
58214
58286
58307
58398
58711
58799
58954
58990
59049
59094
59107
59140
59154
59260
59460
59711
60006
60035
60057
60158
60285
60461
60665
61168
61400
61431
61654
61829
61963
61969
61971
62005
62067
62214
62290
62371
62522
62607
62928
62942
63028
63063
63279
63297
63626
63736
63869
63895
64048
64113
64125
64454
64462
64560
64855
64929
64961
65035
65048
65098
65166
65190
65226
65312
65386
65585
65610
65789
66173
66181
66262
66356
66375
66766
66914
67032
67078
67081
67109
67267
67278
67280
67292
67333
67413
67446
67460
67480
67523
67658
67698
67767
67919
67943
68014
68052
68066
68208
68222
68483
68600
68755
68804
68836
68847
69113
69286
69307
69353
69610
69726
69750
69805
69820
70061
70082
70118
70137
70156
70213
70234
70246
70341
70373
70398
70444
70491
70502
70604
70623
70768
70862
71050
71109
71132
71158
71228
71348
71387
71416
71480
71705
71834
71980
72019
72055
72158
72285
72299
72371
72447
72474
72600
72607
72610
72817
72908
73138
73172
73212
73295
73343
73397
73611
73703
73796
73957
74029
74141
74197
74595
74663
74821
74891
75006
75088
75095
75199
75237
75269
75761
75772
75931
76132
76184
76429
76446
76606
76640
76794
77014
77102
77111
77144
77257
77498
77669
77753
77896
77939
77975
78277
78370
78388
78540
78761
78879
79092
79107
79155
79205
79451
79464
79518
79546
79672
79788
79925
79977
80019
80199
80367
80600
80685
80741
80868
80912
81005
81268
81404
81458
81472
81512
81529
81625
81656
81842
81920
81944
82006
82045
82052
82056
82132
82147
82333
82584
82634
82733
82867
82969
82998
83272
83335
83766
83794
83877
84010
84038
84130
84244
84464
84588
84641
84666
84741
84812
84872
84894
85079
85098
85135
85238
85274
85331
85364
85377
85379
85480
85607
85711
85755
85796
85894
85946
85982
86078
86316
86409
86608
86724
86832
86854
86866
87001
87029
87074
87170
87382
87388
87597
87608
87702
87723
87790
87843
87899
87907
88196
88333
88561
88653
88835
88914
88999
89127
89241
89277
89409
89668
89703
89762
89767
89813
89871
90319
90364
90515
90577
90861
90902
90958
91060
91110
91263
91391
91577
91654
91663
91712
91738
91821
91855
91906
91966
92020
92125
92163
92199
92340
92398
92613
92706
92779
92845
92884
92949
93069
93180
93315
93510
93822
94179
94220
94394
94464
94487
94593
94616
94846
94904
95227
95234
95284
95334
95338
95344
95354
95398
95445
95469
95535
95616
95791
95866
96176
96183
96215
96298
96313
96461
96482
96597
96793
96831
96855
96989
97110
97323
97356
97428
97750
97759
97805
97811
97880
97926
97959
97966
97972
98037
98072
98089
98095
98351
98503
98573
98599
98813
98879
98888
98988
99074
99125
99132
99158
99185
99186
99237
99239
99258
99378
99481
99511
99765
99812
99834
100006
100207
100409
100412
100548
100553
100759
101060
101086
101409
101467
101651
101890
102104
102194
102322
102427
102761
102844
102851
103047
103061
103124
103167
103179
103306
103434
103598
103649
103773
104012
104087
104100
104312
104360
104484
104523
104577
104770
104822
104876
104987
105009
105062
105226
105384
105395
105656
105698
105703
105803
105913
105928
106065
106306
106435
106438
106532
106560
106736
106763
106846
106891
106928
107364
107485
107528
107555
107640
107941
107966
107997
108026
108109
108246
108428
108483
108519
108666
108727
108728
108774
108979
108994
109002
109056
109160
109398
109414
109560
109735
109747
109769
109801
109847
109979
110022
110049
110144
110203
110277
110295
110316
110363
110644
110659
110957
110987
111061
111064
111140
111213
111216
111224
111312
111366
111505
111638
111658
111710
111740
111976
112062
112324
112351
112516
112536
112759
112915
112945
112995
113136
113142
113253
113279
113287
113290
113332
113395
113519
113542
113569
113773
113858
114003
114223
114627
114651
114669
114696
114736
114887
114991
115045
115226
115480
115634
115658
115756
115838
115894
116018
116196
116203
116242
116485
116539
116808
116841
116875
116914
116950
117035
117080
117126
117146
117349
117438
117468
117680
117853
117900
117991
118026
118060
118084
118085
118237
118248
118359
118418
118691
118692
118733
118734
118795
118816
119118
119254
119373
119432
119749
119792
119811
119893
119926
120104
120173
120270
120288
120344
120354
120396
120640
120745
120977
121018
121074
121143
121150
121263
121317
121421
121514
121576
121587
121685
122131
122296
122347
122383
122496
122635
122673
122744
122937
122938
123236
123402
123436
123504
123512
123674
123967
123981
124260
124356
124892
124900
125017
125189
125805
125809
125822
125864
126194
126230
126258
126315
126339
126494
126524
126536
126656
126688
126718
126855
127119
127154
127179
127245
127416
127526
127929
127991
128036
128060
128187
128340
128358
128370
128600
128606
128673
128718
128737
128738
129059
129202
129207
129303
129331
129394
129485
129508
129788
129821
129955
130059
130377
130493
130650
130809
130943
130957
131008
131092
131122
131249
131303
131327
131366
131519
131524
131567
131598
131695
131731
131740
131847
131913
132423
132463
132557
132588
132701
132750
132805
132904
132948
133172
133216
133252
133269
133303
133358
133480
133893
133949
133969
133977
134126
134191
134198
134381
134494
134587
134645
134680
134884
134912
135084
135122
135205
135323
135502
135527
135709
135759
135825
135962
136144
136261
136353
136357
136433
136466
136529
136613
136757
137163
137216
137421
137553
137569
137597
137725
137820
137858
137861
137896
137942
137958
138154
138302
138530
138535
138600
138757
138805
138883
138893
138959
139074
139361
139378
139844
139892
140032
140123
140222
140268
140317
140322
140356
140671
140695
140728
140739
140812
140840
140882
140906
140970
141160
141329
141346
141473
141573
141655
141680
141993
142017
142049
142311
142529
142541
142555
142685
142773
142810
142850
142875
143302
143309
143373
143857
143881
144014
144148
144310
144352
144751
144819
144998
145040
145173
145214
145288
145307
145412
145485
145521
145522
145544
145596
145619
145968
145985
146124
146279
146343
146649
146803
146915
146949
146982
146989
147037
147159
147223
147246
147329
147332
147376
147406
147459
147647
147764
147765
147902
148079
148145
148183
148226
148249
148292
148369
148539
148675
148692
148701
148742
148751
148779
148960
149213
149387
149741
149847
149879
149940
149979
150008
150020
150080
150149
150211
150287
150435
150597
150675
150771
150772
150880
150926
150970
151077
151228
151335
151506
151518
151573
151745
151785
151903
151917
151976
152028
152094
152172
152184
152316
152335
152401
152752
152817
153069
153338
153364
153451
153536
153562
153572
153700
153786
153800
153856
153876
153947
153996
154025
154130
154166
154272
154318
154398
154696
154771
154788
154798
154821
154825
154884
154907
155299
155317
155319
155335
155344
155410
155493
155586
155657
155700
155790
155845
155947
156180
156316
156330
156376
156921
156931
157010
157296
157383
157476
157522
157988
158122
158134
158143
158248
158271
158326
158346
158476
158482
158717
158755
158837
159068
159430
159451
159483
159636
159686
159871
159945
159957
160026
160068
160136
160154
160185
160286
160311
161000
161026
161106
161358
161367
161389
161552
161759
161933
161986
161997
162054
162084
162092
162135
162169
162342
162422
162563
162839
162856
162940
163145
163484
163520
163589
163643
163680
163686
163720
163786
163820
163865
163891
163963
164021
164029
164234
164302
164402
164481
164504
164525
164574
164597
164913
164956
165084
165155
165160
165173
165232
165540
165573
165962
166147
166194
166308
166409
166556
166771
167225
167559
167642
167909
167977
168040
168069
168120
168162
168218
168229
168642
168643
168644
168742
168754
168952
169071
169174
169281
169992
170180
170186
170187
170321
170391
170419
170721
170783
170804
170903
170925
171021
171187
171431
171435
171497
171720
171751
171939
172100
172148
172171
172182
172210
172337
172430
172493
172552
172554
172812
172815
172853
172861
173254
173264
173269
173419
173421
173619
173661
174018
174051
174089
174106
174396
174697
175195
175322
175430
175442
175458
175585
175785
175788
176292
176325
176421
176495
176533
176655
177154
177178
177306
177388
177495
177664
177694
177697
177935
178036
178121
178212
178403
178405
178449
178704
178738
178969
179019
179025
179074
179077
179236
179342
179379
179460
179502
179666
179727
179741
179844
180013
180037
180185
180200
180236
180363
180365
180434
180494
180689
180699
180832
180957
181203
181252
181277
181298
181450
181456
181531
181685
181763
181923
182071
182131
182138
182167
182688
182807
183104
183227
183230
183319
183399
183477
183603
183783
183795
183884
184084
184172
184359
184451
184511
184772
184773
184904
185362
185396
185564
185731
185935
186146
186186
186237
186313
186405
186700
187050
187058
187091
187308
187367
187508
187525
187539
187593
187732
187754
187800
187887
187899
188005
188026
188075
188451
188463
188543
188595
188885
188918
189091
189137
189494
189521
189629
189664
189693
189724
189872
190013
190134
190138
190152
190155
190257
190282
190378
190468
190479
190634
190760
190854
191064
191075
191085
191154
191348
191643
191724
192229
192365
192376
192394
192479
192566
192664
192705
193116
193144
193211
193376
193434
193686
193806
193820
193963
194029
194032
194184
194187
194209
194387
194409
194421
194633
194635
195070
195108
195180
195267
195320
195418
195426
195475
195504
195725
195745
195750
195910
195971
195973
196035
196102
196111
196127
196202
196337
196356
196401
196515
196865
196915
196919
197171
197273
197365
197448
197521
197833
197884
198007
198059
198066
198084
198135
198295
198311
198338
198386
198408
198848
198970
198979
199010
199145
199299
199350
199478
199486
199503
199556
199760
199808
199914
200016
200040
200071
200082
200115
200171
200233
200256
200299
200316
200337
200447
200670
200718
200887
201226
201312
201832
201956
202202
202224
202380
202647
202660
202849
202978
203075
203332
203343
203452
203528
203632
203665
203720
203751
203837
203979
204009
204060
204079
204098
204099
204136
204212
204283
204345
204531
204701
204828
205055
205077
205167
205389
205501
205716
205899
205902
205944
206076
206099
206156
206274
206330
206515
206522
206674
206757
206889
206961
207041
207073
207156
207190
207343
207398
207483
207498
207600
207670
207683
207694
207707
207794
207845
207911
207951
207978
208082
208130
208156
208300
208354
208405
208508
208925
209083
209106
209147
209162
209187
209241
209261
209371
209438
209448
209497
209503
209581
209595
209807
209857
209912
209967
210104
210115
210153
210166
210300
210507
210573
210612
210630
210649
210695
210959
210972
211077
211087
211180
211367
211400
211622
211775
211796
211929
211965
212077
212106
212163
212177
212381
212470
212621
212629
213032
213037
213069
213077
213095
213111
213119
213165
213279
213310
213332
213344
213357
213417
213595
213769
213900
213913
214043
214142
214192
214254
214351
214433
214533
214739
214799
215054
215275
215308
215338
215393
215524
215618
215692
215954
216126
216211
216222
216245
216274
216609
216615
216742
217020
217061
217147
217205
217306
217368
217458
217475
217649
217661
217726
217761
217779
217885
218314
218350
218687
219250
219450
219540
219563
219626
219665
219788
219809
220030
220136
220207
220290
220317
220331
220359
220476
220671
220837
220980
221090
221168
221252
221384
221639
221803
221854
221964
222125
222395
222564
222700
222717
222770
222787
222808
222949
223156
223166
223489
223503
223682
223688
223737
223760
223771
223946
223987
224536
224567
224622
224648
224664
224704
224730
224837
224931
225092
225134
225165
225221
225416
225427
225654
225704
225982
226178
226399
226402
226410
226436
226589
226652
226673
226724
226754
226928
226949
226986
227027
227110
227118
227131
227199
227214
227233
227265
227398
227450
227567
227606
227648
227824
227951
227954
227958
228256
228412
228756
228927
229056
229082
229236
229323
229343
229376
229414
229426
229616
229684
229704
229726
229911
229938
229961
230030
230312
230431
230479
230585
230616
230779
230855
231204
231242
231263
231399
231484
231490
231626
231660
231674
231831
231920
231963
232196
232275
232487
232651
232949
232954
233085
233261
233296
233706
233802
234104
234162
234212
234380
234472
234493
234608
234610
234625
234691
234791
234825
234853
234863
235098
235128
235145
235153
235217
235283
235409
235449
235451
235490
235973
236002
236416
236436
236481
236535
236543
236579
236695
236853
236872
236919
236931
237017
237034
237098
237139
237179
237181
237205
237214
237306
237383
237469
237476
237577
237833
237930
238217
238246
238353
238399
238519
238894
238960
238961
239214
239269
239284
239390
239412
239457
239463
239473
239491
239524
239771
239793
239854
239869
239872
239904
240054
240174
240188
240377
240623
240957
241077
241210
241271
241285
241294
241309
241476
241478
241534
241542
241607
241699
241816
241949
242024
242057
242125
242177
242262
242412
242710
242982
243067
243089
243292
243346
243694
243735
243762
243779
243918
244022
244161
244203
244407
244445
244512
244536
244595
244778
244795
244819
244942
245033
245184
245210
245317
245326
245489
245555
245645
245976
246011
246221
246425
246530
246568
246689
246722
246783
246920
246924
247023
247063
247149
247185
247198
247280
247426
247745
247898
247912
247930
248285
248321
248382
248492
248496
248697
248754
248891
248919
248990
249128
249181
249366
249370
249605
249637
249702
249715
249780
249783
249816
249925
250215
250266
250542
250578
250639
250689
250727
250974
251086
251188
251220
251292
251426
251687
252028
252099
252189
252222
252309
252427
252481
252543
252583
252683
252761
252827
252844
253029
253179
253188
253270
253315
253353
253358
253480
253559
253639
253707
253746
253752
253906
254333
254358
254363
254634
254852
254884
254941
255001
255050
255089
255204
255288
255451
255834
255842
255848
255893
255904
255948
256148
256162
256239
256274
256308
256508
256621
256661
256680
256743
256870
256951
257008
257122
257305
257313
257378
257398
257466
257545
257559
257717
257788
257813
257936
257940
258095
258151
258214
258230
258284
258332
258503
258632
258812
258973
259128
259355
259389
259406
259459
259547
259560
259622
259747
259787
259913
259949
259984
260023
260102
260215
260461
260558
260598
260811
261181
261208
261222
261231
261269
261291
261366
261422
261471
261506
261619
261704
261922
261947
262299
262478
262549
262596
262612
262634
262681
262749
262773
263069
263212
263223
263327
263461
263507
263614
263807
263867
264059
264092
264343
264640
264654
264675
264796
264964
265173
265589
265592
265702
265931
265986
265996
266009
266042
266100
266188
266355
266397
266546
266872
266876
266902
267011
267229
267230
267378
267382
267658
267674
267813
267845
267965
268017
268172
268375
268392
268455
268469
268605
268797
268814
268867
268929
268977
269131
269173
269227
269291
269551
269568
269908
269919
269991
269998
270099
270125
270235
270308
270384
270477
270603
270610
270791
270803
270894
270901
270937
271026
271161
271218
271665
271691
271769
271908
271912
271941
271958
272014
272015
272017
272049
272055
272080
272177
272197
272231
272366
272452
272965
272987
273019
273139
273182
273239
273304
273319
273379
273464
273475
273545
273802
273914
273937
274108
274121
274198
274211
274227
274325
274347
274411
274535
274574
274665
274805
274881
274942
275027
275086
275107
275224
275550
275621
275756
275885
276117
276160
276269
276323
276341
276366
276397
276434
276652
276700
276770
276788
276928
276957
277063
277211
277261
277462
277499
277521
277581
277603
277686
277736
277988
278001
278095
278178
278393
278400
278443
278607
278734
278793
278839
278851
278882
278971
278972
279056
279099
279105
279254
279302
279303
279382
279491
279512
279514
279636
279684
279784
279887
280072
280164
280203
280222
280269
280285
280315
280365
280373
280419
280542
280839
280922
281272
281370
281390
281485
281681
281746
281928
281971
282022
282092
282313
282435
282509
282533
282726
282749
282788
282868
282877
283293
283377
283427
283434
283474
283571
283625
283761
283878
283973
284093
284160
284223
284235
284247
284272
284345
284361
284424
284474
284584
284680
284809
284860
284889
285174
285351
285434
285817
285829
285888
285988
286043
286051
286602
286616
286713
286816
286871
286904
286953
287000
287019
287061
287353
287354
287391
287453
287522
287556
287668
287901
287980
288151
288399
288438
288500
288508
288550
288566
288688
288721
288857
288897
288906
288951
289072
289189
289215
289250
289455
289577
289811
290063
290180
290395
290443
290593
290635
290784
290873
290984
291191
291265
291324
291398
291522
291571
291662
291813
291823
291856
291899
291915
292002
292056
292092
292121
292541
292672
292688
292769
292841
292907
292992
293051
293284
293297
293336
293512
293551
293594
293963
294038
294222
294333
294729
294819
295027
295354
295378
295396
295802
295858
295907
295913
295980
296072
296336
296393
296610
296639
296804
296844
296976
297398
297531
297580
297582
297601
297612
297617
297860
298017
298106
298127
298134
298366
298533
298604
298632
298769
298997
299002
299045
299331
299417
299498
299549
299611
299690
299880
300078
300124
300442
300486
300487
300519
300594
300834
300906
301057
301349
301437
301505
301670
301833
302295
302501
302505
302698
302886
302935
302951
303016
303253
303273
303295
303464
303465
303794
304181
304412
304417
304565
304959
305005
305065
305126
305158
305212
305253
305287
305314
305436
305489
305580
305592
305663
305677
305746
305785
305924
305991
306090
306291
306354
306385
306428
306591
306618
306868
306882
306898
307050
307175
307198
307259
307279
307356
307577
307601
307838
307918
307929
308024
308030
308081
308175
308356
308474
308487
308617
308708
308796
308873
308949
309006
309158
309190
309229
309278
309287
309785
309806
309914
309972
310021
310022
310134
310135
310140
310289
310473
310497
310582
310586
310678
310705
310752
310892
311007
311075
311186
311318
311349
311360
311390
311512
311632
311724
311804
311831
311850
311872
312175
312278
312349
312359
312461
312492
312528
312632
312687
312920
313038
313102
313288
313363
313500
313514
313658
313740
313742
313791
313841
313887
313968
313987
313996
314178
314237
314281
314376
314416
314466
314490
314637
314695
314951
315016
315025
315481
315597
315838
315848
316149
316161
316488
316546
316551
316876
317005
317074
317172
317341
317379
317386
317511
317656
317935
318146
318269
318757
318868
318892
318971
319204
319212
319217
319348
319552
319554
319693
320061
320098
320203
320406
320469
320475
320605
320649
320768
320770
320856
320914
321191
321326
321456
321599
321631
321759
321896
322018
322241
322484
322530
322540
322575
322682
322764
322995
323257
323511
323567
323623
323675
323757
323898
323979
323985
324122
324215
324219
324265
324404
324432
324439
324450
324695
324733
324840
324996
325063
325168
325393
325506
325595
325684
325755
325910
326041
326050
326112
326191
326241
326387
326448
326455
326480
326483
326511
326544
326819
327039
327350
327451
327488
327492
327692
327812
327842
327939
327991
328217
328239
328599
328607
328693
328869
328965
329028
329064
329191
329215
329440
329523
329572
329694
329759
329767
329797
329840
329949
330166
330327
330379
330384
330596
330892
331018
331147
331232
331251
331405
331484
331522
331663
331725
332124
332205
332282
332330
332341
332354
332365
332437
332470
332491
332547
332562
332623
332640
332782
332899
332911
333201
333344
333407
333514
333590
333607
333759
333779
333830
333831
334478
334747
335034
335057
335166
335662
335685
335760
335779
336247
336325
336343
336398
336578
336869
336897
337084
337410
337428
337470
337576
337577
337578
337608
337727
337827
337859
338105
338165
338186
338218
338223
338404
338458
338546
338659
338752
338800
338872
338877
338912
339155
339209
339294
339473
339498
339606
339640
339656
339726
339902
339924
339969
340097
340138
340239
340259
340542
340648
340668
340685
340764
340779
340804
341106
341168
341344
341399
341497
341639
341943
342065
342133
342284
342330
342479
342481
342538
342696
342830
343259
343273
343298
343376
343482
343659
343905
344031
344245
344645
345056
345171
345176
345273
345284
345412
345446
345493
345679
345708
345751
345832
345937
346150
346202
346237
346360
346552
346559
346570
346716
346761
346998
347057
347246
347287
347309
347470
347680
347681
347685
347701
348044
348052
348171
348180
348187
348188
348337
348404
348469
348674
348693
348700
348802
348944
349104
349131
349306
349454
349634
349701
349918
349961
349991
350120
350128
350211
350293
350386
350518
350627
350672
350750
350763
350890
350923
351017
351148
351170
351197
351200
351252
351619
351628
351736
351961
352014
352050
352224
352271
352436
352605
353013
353042
353201
353296
353554
353697
353707
353770
353888
353892
354013
354295
354320
354375
354543
354549
354793
354821
354823
354858
355225
355298
355412
355427
355627
355891
355909
356014
356042
356114
356145
356189
356199
356258
356327
356464
356507
356516
356542
356653
356843
356880
356938
356990
356992
357081
357112
357134
357296
357347
357469
357487
357612
357628
357813
358052
358307
358346
358347
358439
358553
358633
358743
358761
358855
358922
359252
359302
359305
359394
359420
359470
359472
359548
359636
359696
359810
359844
359924
359936
360256
360314
360546
360549
361076
361123
361375
361424
361482
361699
361808
361984
361988
361999
362490
362535
362566
362678
362697
362730
363065
363096
363097
363123
363180
363248
363271
363416
363630
363706
363753
363881
363985
363997
364095
364182
364302
364350
364407
364610
364617
364625
364657
364807
364834
364935
365049
365161
365362
365604
365676
365868
366030
366200
366219
366223
366257
366534
366569
366660
366741
366846
367420
367517
367549
367670
367698
367889
367961
368179
368269
368300
368368
368398
368686
368710
368988
369078
369095
369304
369448
369493
369686
369715
369723
369801
369979
369990
370087
370140
370215
370366
370442
370496
370533
370598
370649
370968
370970
371019
371027
371096
371140
371178
371258
371297
371383
371463
371525
371739
371876
371898
371984
372015
372178
372506
372568
372599
372610
372645
372701
372736
372816
373046
373070
373074
373831
373889
373899
373938
374262
374288
374437
374455
374487
374505
374581
374649
374797
374814
374835
375275
375626
375672
376016
376066
376071
376251
376262
376306
376424
376604
376692
376714
376962
376985
377062
377133
377198
377243
377255
377377
377581
377625
377639
377852
377885
378096
378392
378406
378430
378465
378511
378720
378739
378865
378961
379153
379289
379351
379437
379453
379662
379724
379809
379944
380588
380658
380846
381104
381394
381509
381633
381681
381805
381819
381824
381950
382047
382065
382249
382270
382793
382902
382952
382973
383084
383296
383317
383439
383841
383865
383868
383876
383896
383969
384169
384200
384282
384415
384424
384622
384643
384744
384894
385363
385371
385485
385590
385658
385688
385992
386158
386190
386217
386607
386611
386707
386722
386869
386966
387025
387112
387292
387308
387358
387446
387561
387621
387630
387646
387740
387761
387800
387864
387968
388170
388356
388449
388501
388866
389008
389106
389162
389283
389421
389427
389459
389689
389881
390049
390221
390238
390244
390293
390325
390336
390459
390530
390571
390744
390755
390765
390865
390892
390942
391123
391124
391159
391209
391235
391243
391256
391258
391338
391373
391416
391473
391753
391776
391826
391863
391865
391965
392248
392379
392637
392796
392818
392866
393013
393039
393076
393122
393200
393313
393341
393469
393565
393600
393718
393775
393835
394039
394055
394109
394381
394509
394623
394701
394717
394814
394926
394958
394971
395132
395133
395277
395304
395398
395591
395600
395827
395979
396138
396219
396267
396301
396339
396554
396570
396872
397140
397172
397177
397195
397198
397243
397259
397270
397661
397748
397769
397942
398005
398150
398477
398694
398977
399260
399269
399278
399409
399542
399619
399629
399741
400188
400530
400609
400623
400727
400768
400821
401083
401118
401185
401253
401256
401313
401449
401508
401585
401630
401856
401886
401943
402131
402252
402357
402466
402801
402910
403093
403238
403420
403467
403481
403487
403724
403797
403815
404011
404111
404206
404242
404312
404513
404632
404643
404807
405064
405111
405359
405468
405472
405513
405559
405590
405619
405722
405764
405845
405888
405971
405996
406016
406206
406271
406329
406341
406458
406625
406692
406708
406805
406811
406874
406877
407090
407166
407253
407314
407379
407455
407592
407716
407775
407808
407839
407906
407916
407990
408076
408299
408307
408533
408688
408984
409074
409117
409162
409234
409345
409492
409607
409642
409832
409858
410026
410042
410142
410214
410355
410416
410473
410514
410848
410995
411031
411073
411140
411446
411608
411666
411691
411709
411718
411756
411816
411897
412155
412289
412406
412505
412640
412695
413115
413200
413265
413295
413296
413319
413336
413550
413657
413674
413680
413928
413971
414131
414151
414233
414242
414370
414409
414540
414601
414615
414680
414807
415030
415042
415082
415141
415253
415280
415339
415448
415466
415551
415573
415774
415802
415815
415845
416002
416016
416335
416423
416542
416545
416573
416704
416709
416725
416943
417223
417257
417494
417531
417532
417597
417695
417704
417813
417836
417990
418056
418195
418290
418364
418535
418615
418637
418821
418843
418927
418978
419045
419166
419188
419231
419283
419388
419442
419591
419636
419843
419996
420022
420037
420092
420446
420448
420521
420720
420847
421031
421123
421201
421459
421516
421539
421578
421583
421670
421773
421892
421896
421915
422177
422226
422368
422991
423099
423155
423240
423509
423570
423783
423962
424218
424383
424440
424446
424487
424868
425098
425124
425256
425287
425443
425475
425574
425824
425948
426062
426344
426470
426478
426605
426637
426703
426709
426748
426800
426899
427052
427306
427465
427507
427560
427672
427781
427801
427913
427970
427987
428051
428106
428189
428466
428518
428561
428599
428611
428687
428718
428734
428873
428947
428971
429083
429107
429166
429210
429227
429789
429912
429977
430212
430279
430286
430392
430617
430790
430896
430952
431084
431098
431127
431340
431371
431420
431429
431465
431489
431525
431610
431695
431720
431795
431909
431976
432118
432198
432367
432577
432750
432830
432887
432912
433003
433116
433137
433191
433280
433407
433632
433675
433964
433965
434135
434501
434507
434579
434643
434780
434837
434838
434893
434906
434915
434980
435064
435315
435616
435622
435668
435907
436031
436197
436436
436559
436721
436941
436986
437165
437250
437288
437370
437814
437885
438131
438421
438471
438562
438986
439061
439104
439119
439133
439356
439384
439392
439444
439464
439479
439540
439694
439739
440002
440104
440179
440313
440362
440411
440413
440464
440524
440625
440709
440725
440767
440806
440810
440920
441323
441345
441576
441644
441665
441861
441986
442001
442080
442130
442157
442172
442362
442424
442498
443183
443208
443303
443351
443382
443612
443714
443771
443871
443940
444027
444050
444113
444139
444267
444362
444388
444484
444561
444593
444661
444673
444829
444986
445089
445133
445285
445387
445450
445485
445497
445798
445920
445930
445934
445961
446177
446376
446616
446663
446780
447147
447255
447483
447504
447514
447733
447911
447917
448086
448248
448301
448350
448378
448397
448416
448485
448557
448574
448680
448928
448936
449063
449088
449094
449143
449271
449564
449650
449668
449740
449828
449931
449955
450042
450046
450080
450101
450148
450270
450456
450465
450512
450642
450698
450803
450840
450911
450933
450947
450972
451033
451112
451261
451342
451437
451545
451605
451745
451848
451898
451946
451964
452129
452202
452332
452481
452494
452549
452716
452752
452898
453026
453178
453209
453252
453321
453385
453391
453470
453741
453785
453869
453918
453984
454022
454076
454078
454140
454144
454247
454291
454522
454601
454739
454754
454878
454916
455005
455047
455069
455132
455183
455189
455799
455848
455920
456209
456380
456541
456688
456707
456776
456871
456969
457005
457063
457290
457547
457897
457931
457954
457970
458135
458142
458164
458194
458259
458318
458406
458479
458692
458721
458837
458924
458949
458980
459093
459435
459620
459709
460011
460038
460311
460347
460462
460609
461039
461058
461109
461119
461234
461281
461350
461456
461560
461615
461654
461660
461806
461841
461857
461907
462070
462170
462358
462697
462914
463030
463111
463160
463202
463226
463331
463483
463549
463826
464067
464118
464165
464179
464268
464276
464319
464537
464820
464876
464898
465152
465156
465204
465484
465695
465704
465940
465959
465991
466004
466106
466152
466289
466314
466351
466363
466473
466515
466549
466573
466667
466681
466685
466782
466937
466970
466981
467033
467058
467248
467321
467364
467403
467454
467712
467766
467828
468198
468209
468443
468474
468633
468640
468747
468819
468877
468882
469011
469026
469113
469377
469432
469463
469520
469853
469867
469970
469985
470006
470009
470139
470382
470405
470605
470637
470700
470785
470877
471051
471336
471344
471532
471805
471881
471981
472035
472275
472318
472641
472680
472714
472720
472799
472871
473060
473086
473143
473171
473237
473348
473447
473658
473861
473911
473978
474071
474099
474205
474413
474435
474487
474564
474804
474947
475017
475241
475392
475461
475723
475843
475851
475923
475963
476127
476135
476165
476278
476298
476313
476325
476326
476396
476457
476641
476693
476789
476797
476820
476877
476931
477054
477096
477235
477361
477467
477532
477549
477670
477756
477794
477962
478040
478116
478131
478244
478295
478324
478354
478422
478424
478555
478611
478786
479060
479537
479703
479918
480086
480122
480246
480341
480396
480793
480862
480893
480942
481056
481099
481101
481139
481159
481272
481397
481645
481799
481871
481914
482085
482113
482267
482315
482356
482406
482445
482504
482586
482888
482939
482957
483011
483027
483109
483231
483535
483589
483744
483870
484020
484028
484059
484236
484368
484495
484840
484865
484943
485141
485154
485334
485454
485478
485707
485720
485928
486125
486209
486261
486364
486405
486544
486572
486748
486825
486878
486888
486995
487093
487134
487325
487375
487564
487578
487719
487739
487762
487944
487961
488063
488154
488250
488257
488366
488629
488722
488732
489152
489167
489185
489442
489488
489493
489524
489780
489782
489880
489910
490319
490344
490361
490459
490619
490692
490698
490986
490990
490999
491173
491204
491373
491515
491531
491617
491785
491859
491862
491910
491940
491977
491993
491999
492203
492303
492739
492769
492803
492808
492929
492955
493053
493180
493182
493229
493367
493424
493760
493778
493783
493890
494011
494065
494231
494242
494338
494439
494600
494601
494824
494948
495125
495371
495506
495558
495609
495812
495938
496019
496085
496237
496318
496372
496508
496519
496788
496836
496941
496948
497153
497272
497297
497510
497565
497878
497963
498023
498062
498080
498175
498203
498263
498520
498689
498724
498744
498784
498851
498928
499206
499257
499439
499506
499600
499609
499661
499701
499769
499818
499883
499926
499945
500068
500206
500980
500989
501237
501277
501453
501536
501803
501828
501844
501934
502185
502226
502232
502454
502896
502925
502998
503058
503195
503200
503212
503266
503276
503289
503359
503528
503880
503906
504002
504016
504031
504112
504200
504330
504394
504417
504430
504670
504878
505002
505186
505225
505321
505659
505673
505775
505809
505829
506006
506092
506114
506164
506200
506297
506353
506383
506419
506534
506638
506697
507034
507046
507178
507217
507292
507300
507348
507459
507501
507576
507685
507809
507904
508017
508028
508095
508334
508337
508354
508382
508487
508530
508609
508720
508759
508937
508960
509011
509050
509097
509363
509514
509593
509595
509750
509771
509843
509879
510072
510156
510227
510247
510399
510429
510605
510654
510812
510824
510879
510946
511061
511194
511407
511431
511496
511524
512016
512044
512145
512209
512269
512478
512765
512773
512840
512859
513011
513038
513063
513117
513128
513351
513353
513486
513502
513614
513631
513727
513742
513771
513805
514042
514065
514120
514237
514347
514378
514385
514397
514448
514540
514558
514572
514620
514724
514752
514995
515164
515306
515307
515470
515620
515746
515749
515780
515804
515999
516057
516099
516105
516291
516303
516314
516372
516403
516404
516571
516598
516722
516824
517622
517646
517694
517850
517994
518023
518156
518296
518325
518379
518394
518427
518434
518711
518775
518782
518804
519004
519017
519072
519125
519137
519142
519148
519165
519386
519647
519822
520150
520589
520762
520916
520945
520948
520969
521021
521075
521226
521351
521384
521822
521909
521991
522006
522102
522263
522328
522385
522389
522618
522673
522734
522779
522914
522929
522940
522959
522992
523060
523093
523163
523219
523572
523686
524041
524140
524195
524256
524368
524436
524512
524615
524810
524851
524869
525186
525195
525306
525395
525447
525456
525635
525693
525821
525891
525902
526035
526069
526256
526303
526342
526379
526380
527370
527511
527574
527603
527862
527936
527948
528340
528511
528558
528595
528734
528784
528880
528989
529101
529125
529212
529325
529327
529560
529740
529752
529863
529914
529925
529975
530014
530353
530447
530470
530606
530771
530810
530856
531057
531440
531622
531681
531700
531815
531916
531917
531951
532066
532106
532115
532151
532168
532230
532261
532399
532483
532596
532613
532775
532816
532840
532870
532876
532884
532986
533126
533356
533521
533679
533728
533778
533962
533975
534565
534742
534786
534827
534875
534922
534956
534990
535013
535019
535105
535384
535445
535600
535615
535702
535905
535978
535990
536048
536102
536108
536210
536305
536414
536670
536926
536961
536962
537297
537320
537358
537636
537696
537803
538119
538171
538252
538275
538405
538849
538882
538942
539040
539071
539104
539254
539265
539275
539602
539630
539683
539844
539871
539877
539922
540096
540163
540203
540375
540444
540721
540836
541033
541291
541312
541313
541337
541545
541560
541670
541920
542097
542435
542436
542479
542498
542502
542515
542675
542704
542804
542927
543028
543198
543268
543297
543410
543425
543440
543654
543685
543769
544012
544024
544106
544344
544358
544365
544487
544504
544565
544760
544974
545042
545043
545088
545154
545254
545351
545409
545441
545493
545512
545576
545598
545622
545706
545798
545913
546015
546192
546332
546364
546463
546579
546646
546675
546677
546861
547117
547188
547195
547387
547537
547568
547796
547903
548013
548046
548098
548131
548145
548179
548209
548266
548280
548398
548450
548519
548664
548713
548731
548851
549150
549241
549252
549288
549366
549390
549504
549533
549600
549794
549972
550004
550032
550226
550274
550376
550433
550544
550588
550632
550653
550803
550914
551008
551093
551137
551343
551355
551360
551620
551897
551921
551936
551975
552090
552156
552233
552368
552381
552480
552570
552612
552669
552674
552771
552853
552916
552948
552953
553000
553443
554128
554141
554310
554430
554864
555026
555057
555156
555203
555294
555303
555359
555986
556018
556046
556096
556186
556369
556475
556638
556678
556968
557051
557052
557163
557488
557644
557793
557826
557939
557954
558154
558311
558346
558372
558409
558490
558500
558765
558877
558906
558916
558958
558982
559051
559440
559472
559492
559568
559581
559591
559739
559861
560218
560599
560638
560671
560694
560898
561038
561250
561283
561442
561507
561644
561818
561925
561951
562438
562586
562623
562796
562864
562928
562965
563004
563446
563563
563579
563604
563698
563779
563966
564036
564114
564161
564260
564324
564356
564392
564608
564694
564876
565024
565099
565298
565308
565309
565458
565599
565790
565944
566078
566276
566284
566377
566391
566718
566827
566830
566885
567088
567202
567302
567323
567334
567344
567365
567376
567423
567543
567721
567740
567861
567883
567887
567911
567973
568008
568175
568692
568696
568832
568863
568917
568967
569036
569202
569235
569314
569421
569582
569605
569653
569757
569812
569862
569865
569879
569889
569971
570015
570060
570224
570799
570894
570946
571171
571473
571509
571520
571528
571686
571793
571869
572047
572113
572238
572239
572310
572456
572994
573006
573038
573095
573199
573264
573267
573392
573474
573524
573566
573658
573867
573947
573964
573994
574052
574113
574288
574292
574413
574520
574909
574941
575370
575378
575452
575576
575699
575793
575928
576124
576148
576342
576360
576519
576576
576647
576685
576693
576737
576801
576830
576872
576964
577029
577162
577282
577355
577359
577502
577710
577787
577798
577858
577913
578015
578180
578192
578204
578273
578557
578740
578755
578758
578906
578920
578922
578953
578998
579032
579042
579071
579140
579173
579698
579897
579966
580003
580081
580202
580207
580402
580410
580481
580490
580499
580625
580716
581001
581005
581219
581415
581575
581594
581614
581905
581933
581938
582004
582128
582136
582151
582531
582957
582980
583266
583574
583603
583637
583650
583657
583683
583774
583842
583924
584108
584212
584264
584375
584392
584393
584586
584622
584718
584904
584983
585037
585125
585158
585279
585281
585356
585403
585626
585739
585792
585912
586039
586341
586544
586609
586636
586671
586672
586744
586757
586940
586942
586952
587002
587024
587043
587106
587110
587179
587446
587522
587548
587670
587745
587801
587812
587843
588142
588149
588196
588219
588238
588281
588415
588461
588886
588963
589082
589099
589130
589186
589449
589728
589796
589862
589889
590050
590064
590144
590193
590299
590323
590326
590376
590386
590404
590526
591141
591174
591321
591458
591689
591839
591871
591924
591957
591995
592072
592146
592655
592657
592753
592774
592790
592848
592939
593061
593112
593450
593764
593774
593793
593832
593834
593956
593957
593980
593990
594015
594160
594194
594226
594542
594661
594711
594798
594913
594949
594959
595057
595140
595340
595505
595781
595782
595820
595926
596055
596072
596148
596190
596276
596297
596354
596405
596596
596777
597021
597036
597046
597086
597148
597283
597339
597455
597607
597781
597790
597961
598076
598101
598110
598315
598319
598346
598397
598530
598623
598914
599145
599169
599335
599424
599614
599779
599838
599901
600095
600117
600192
600481
600862
600993
600995
601019
601141
601206
601286
601657
601854
601875
601953
602004
602139
602186
602196
602387
602500
602535
602574
602590
602632
602635
602709
602732
603327
603427
603523
603538
603759
603775
603801
603835
603902
603922
604004
604086
604133
604197
604206
604387
604481
604683
604694
604968
605089
605111
605219
605275
605359
605615
605747
605754
605988
606265
606274
606336
606340
606360
606456
606519
606566
606577
606584
606647
606733
606891
606963
607176
607288
607606
607658
607845
608082
608145
608557
608794
609036
609086
609099
609133
609163
609333
609367
609411
609501
609587
609604
609613
609783
609816
610065
610264
610272
610443
610447
610457
610506
610580
610599
610961
611007
611057
611160
611220
611280
611372
611547
611601
611602
611970
612231
612234
612459
612503
612517
612678
612683
612754
612877
612947
612959
613022
613232
613349
613462
613647
613958
613979
614179
614248
614423
614521
614547
614591
614682
614741
614765
614900
615159
615251
615404
615494
615541
615601
615626
615795
615893
615916
615924
616146
616182
616277
616293
616401
616410
616486
616531
616552
616615
616699
616743
616796
617117
617123
617131
617292
617305
617380
617524
617582
617686
617820
617939
617958
618081
618110
618230
618258
618302
618347
618362
618411
618451
618540
618579
618582
618703
618764
618816
618858
618865
618873
619334
619415
619595
619620
619628
619636
619921
619993
620308
620354
620551
620573
620752
620764
620884
620944
621043
621176
621227
621274
621434
621553
622059
622246
622247
622399
622430
622583
622609
622635
622830
623173
623238
623354
623364
623444
623472
623501
623522
623604
623626
623660
623662
623743
623864
623924
624024
624067
624295
624549
624566
624877
624977
625200
625263
625642
625647
625800
626045
626069
626200
626221
626376
626457
626601
626774
626887
626898
626950
626972
626998
627047
627118
627200
627308
627389
627733
627832
627843
627859
627913
627995
628019
628322
628384
628527
628882
628935
629003
629085
629289
629338
629391
629490
629600
629604
629656
629760
629852
629914
630256
630311
630425
630428
630504
630537
630624
630888
630903
631076
631087
631096
631125
631219
631261
631286
631524
631554
631566
631621
631710
631852
632160
632212
632291
632337
632346
632367
632383
632397
632520
632572
632595
632676
632728
632738
632886
632948
633192
633244
633489
633740
633784
634027
634068
634074
634088
634105
634231
634353
634438
634447
634504
634633
634802
634908
635209
635235
635311
635368
635466
635497
635733
635851
636162
636191
636201
636514
636519
637221
637271
637385
637414
637425
637493
637709
637845
637978
638019
638138
638227
638234
638253
638310
638354
638471
638696
638827
638922
638999
639027
639094
639205
639295
639320
639344
639372
639390
639427
639445
639503
639576
639608
639919
640035
640055
640244
640413
640564
640811
641333
641342
641392
641445
641515
642131
642173
642174
642491
642521
642567
642814
642999
643017
643027
643032
643069
643161
643217
643498
643598
643783
643863
643913
643947
644033
644313
644360
644367
644437
644448
644492
644513
644589
644630
644680
644952
645053
645093
645172
645213
645226
645264
645349
645448
645452
645506
645544
645563
645627
645649
645697
645698
645794
645902
646019
646086
646143
646146
646209
646420
646744
646802
646836
646846
646990
647009
647011
647048
647076
647194
647297
647434
647492
647619
647684
647723
647808
647892
647979
648079
648263
648338
648460
648496
648515
648527
648720
648763
649325
649341
649638
649803
649905
650140
650175
650192
650433
650647
650659
650663
650814
650828
650887
650931
651054
651063
651132
651252
651365
651388
651446
651524
651554
651643
651668
651702
651766
651965
651976
652046
652113
652182
652243
652257
652324
652370
652674
652891
652979
653185
653208
653238
653481
653817
654017
654072
654155
654359
654460
654681
654746
654848
655093
655133
655199
655252
655545
655585
655595
655697
655732
655880
656053
656055
656216
656217
656354
656459
656481
656496
656571
656702
656740
656831
656898
657100
657113
657492
657713
657745
657861
657893
657930
657931
657939
658060
658071
658158
658289
658329
658443
658462
658565
658673
658693
658790
659048
659058
659065
659215
659246
659257
659268
659454
659550
659581
659648
659651
659718
659779
659944
659971
660042
660138
660177
660205
660311
660470
660661
660708
660842
660935
660974
661174
661294
661362
661763
661817
662160
662290
662372
662600
662663
662779
662983
663222
663288
663390
663561
663622
663669
663705
663724
663882
663979
664049
664051
664110
664169
664176
664374
664571
664854
665150
665246
665271
665376
665412
665471
665661
665827
665828
665853
665856
665896
666084
666097
666103
666620
666651
666693
666695
666743
666744
666766
667132
667203
667245
667274
667367
667384
667385
667484
667616
667657
667694
667909
667951
668198
668235
668471
668682
668785
668979
669030
669152
669203
669238
669383
669430
669547
669733
669873
669963
669983
670082
670146
670287
670351
670446
670514
670524
670578
670849
670908
670934
670972
671123
671133
671144
671332
671394
671544
671563
671687
671754
671860
671861
671984
672130
672200
672296
672297
672471
672509
672561
672579
672656
672700
672751
672896
672945
672965
673125
673349
673463
673526
673644
673662
673823
673875
674317
674361
674437
674723
674880
674967
675139
675251
675371
675380
675499
675754
675842
675852
676067
676291
676461
676627
676678
676829
676855
676879
676902
676966
676970
677167
677240
677294
677315
677418
677422
677781
677949
677962
678096
678113
678118
678172
678224
678298
678341
678353
678375
678405
678578
678588
678865
679297
679330
679357
679383
679428
679488
679553
679580
679849
679964
679966
680109
680124
680183
680242
680337
680429
680752
680874
680876
680975
681084
681161
681191
681378
681454
681494
681545
681708
681827
681970
682074
682152
682337
682442
682496
682499
682528
682566
682602
682621
682676
682682
682752
682823
682824
682888
683027
683073
683129
683143
683308
683429
683715
683974
684127
684219
684298
684321
684470
684474
684628
684761
684800
684968
684981
685108
685156
685204
685205
685277
685373
685400
685488
685846
685954
686095
686152
686185
686196
686244
686299
686367
686419
686422
686686
686728
686746
686828
686831
686914
687130
687182
687254
687268
687284
687291
687385
687595
687852
687883
687992
688040
688269
688410
688428
688561
688572
688655
688740
688749
688952
689108
689114
689214
689258
689316
689408
689687
689769
689771
689818
689830
690209
690259
690416
690420
690424
690552
690810
690890
690891
690894
690928
690971
690976
690983
691027
691131
691223
691267
691330
691407
691689
691757
691767
691962
692013
692078
692114
692158
692267
692270
692280
692317
692356
692400
692459
692473
692506
692575
692730
692753
692808
692922
692938
693002
693229
693290
693413
693418
693479
693538
693549
693617
693684
693880
693924
694063
694134
694317
694472
694642
694735
694805
695033
695118
695139
695189
695249
695341
695606
695678
695854
695868
695903
695918
695933
696202
696206
696208
696265
696286
696314
696776
696885
696890
697009
697114
697161
697203
697238
697249
697292
697610
697784
698299
698445
698679
698788
699521
699561
699628
700103
700305
700388
700415
700446
700518
700918
701018
701107
701181
701578
701581
701827
701837
701893
701946
701999
702098
702253
702285
702317
702345
702405
702763
702984
703183
703207
703242
703318
703325
703417
703456
703718
703847
703869
703895
703924
704133
704322
704365
704470
704512
704639
704891
705120
705166
705408
705465
705549
705574
705688
705692
705835
706227
706304
706326
706356
706533
706551
706643
706720
706742
706994
707334
707743
707757
707776
707859
707873
707879
707939
707974
708236
708279
708569
708675
708717
708957
709000
709093
709191
709285
709645
709717
709986
710001
710129
710151
710216
710435
710545
710583
710623
710639
710659
710774
710776
710957
710959
711238
711577
711730
711953
712241
712342
712369
712557
713000
713010
713011
713040
713042
713132
713144
713169
713172
713586
713635
713656
713681
713689
713945
714073
714197
714263
714264
714325
714328
714349
714400
714461
714536
714584
714605
714749
714759
714837
714858
715121
715234
715237
715258
715622
715658
715740
715757
715766
715786
715850
716079
716254
716271
716518
716617
716750
716894
717240
717242
717246
717378
717401
717498
717631
717674
717975
718000
718372
718534
718675
718790
718821
718926
719132
719497
719559
719588
719629
719691
719794
719851
719901
719930
720225
720324
720438
720453
720513
720543
720669
720714
720873
720914
720964
720974
721056
721480
721595
721656
721662
721668
721716
721802
721938
721959
722178
722208
722316
722592
722772
722799
722863
723046
723280
723421
723662
723805
723815
723816
723930
724077
724110
724157
724325
724346
724472
724688
724717
724761
724911
725020
725065
725177
725385
725544
725897
726091
726230
726382
726452
726684
726719
726943
727028
727087
727147
727191
727238
727355
727378
727434
727528
727551
727698
728138
728148
728155
728324
728404
728466
728486
728578
728620
728729
729046
729060
729129
729144
729145
729249
729287
729345
729436
729463
729486
729560
729826
729886
730019
730047
730295
730347
730422
730460
730462
730607
730671
730875
730989
731133
731536
731586
731660
731792
731894
732126
732171
732179
732240
732269
732358
732466
732482
732612
732863
732914
733038
733320
733343
733366
733708
733822
733879
733926
733998
734063
734092
734316
734468
734595
734799
734970
735267
735287
735398
735414
735421
735467
735647
735781
735871
736072
736073
736207
736227
736505
736509
736531
736706
736714
736748
736749
736824
737033
737044
737087
737105
737200
737254
737339
737455
737461
737910
737946
738006
738012
738210
738219
738336
738515
738607
738766
738798
738806
738851
739060
739166
739187
739197
739281
739359
739457
739630
739781
739790
739869
739976
739994
740112
740156
740190
740217
740419
740540
740850
740861
741000
741030
741170
741197
741386
741441
741659
741906
741996
742111
742244
742335
742479
742507
742693
742806
742860
742972
743005
743213
743366
743414
743677
743689
743768
743780
743842
743865
743896
744195
744210
744410
744617
744648
744686
744733
744746
744801
745189
745330
745377
745649
745784
745791
745796
745918
745950
746314
746342
746369
746509
746586
746790
746880
746905
747020
747312
747497
747587
747623
747624
747654
747704
747776
747788
747951
747954
747964
748046
748193
748217
748225
748308
748320
748342
748367
748375
748382
748458
748491
748506
748601
748635
749314
749318
749361
749584
749771
749802
749812
749860
749867
750152
750664
750716
750813
750931
751104
751125
751286
751330
751483
751573
751676
751731
751830
752047
752221
752233
752259
752301
752320
752542
752551
752693
752878
753026
753060
753063
753149
753205
753269
753399
753501
753642
753705
753805
753861
753911
753966
754059
754108
754236
754378
754449
754537
754958
755424
755472
755524
755668
755785
755796
756001
756068
756214
756300
756405
756411
756451
756629
756676
756715
757139
757513
757527
757537
757623
757649
757753
757757
757792
757800
758122
758533
758650
758685
758735
758741
758806
758903
758991
758997
759172
759217
759250
759389
759407
759414
759471
759503
759936
759990
760255
760337
760365
760684
760765
760837
760842
761039
761143
761238
761277
761385
761584
761604
761629
761748
761813
761822
761859
762073
762089
762149
762342
762477
762516
762541
763018
763020
763092
763161
763237
763244
763290
763311
763404
763458
763498
763523
763552
763609
763688
763730
763875
763885
763902
763966
764035
764117
764228
764308
764333
764370
764389
764446
764451
764518
764546
764572
764621
764837
764932
764950
765222
765255
765515
765593
765654
765776
765823
766040
766159
766166
766185
766293
766320
766420
766456
766481
766619
766676
766706
766787
766845
766915
766928
767087
767302
767304
767325
767333
767343
767404
767426
767581
767904
768049
768054
768056
768118
768154
768156
768294
768340
768568
768626
768907
768922
769009
769041
769188
769240
769314
769505
769654
769785
769836
769871
769881
769992
770051
770057
770091
770280
770326
770363
770412
770656
770899
770929
771097
771212
771243
771415
771622
771777
771940
771984
772048
772105
772142
772184
772324
772493
772534
772588
772594
772610
772681
772792
773051
773110
773219
773593
773688
773829
774151
774204
774297
774342
774453
774478
774581
774597
774657
774666
774715
774784
775052
775066
775115
775141
775282
775367
775393
775479
775734
775772
775831
775851
776051
776098
776119
776219
776242
776243
776386
776447
776585
776740
776747
776761
776793
777051
777093
777349
777518
777549
777631
777963
778177
778338
778388
778406
778439
778545
778779
778903
778932
778964
779030
779042
779095
779137
779229
779259
779401
779523
779527
779570
779722
779945
779950
779965
780201
780316
780409
780535
780599
780605
780816
780819
781045
781063
781117
781122
781701
781801
781977
782092
782105
782222
782268
782291
782539
782553
782557
782560
782895
782921
783010
783110
783212
783488
783517
783688
783777
783951
783953
784038
784139
784157
784171
784252
784582
784620
784674
784882
784948
785093
785186
785526
785871
785884
785888
785935
785974
786186
786222
786508
786646
786846
786958
787034
787068
787192
787238
787256
787280
787636
787711
788048
788205
788211
788219
788226
788339
788357
788358
788505
788571
788578
788950
788988
789003
789019
789132
789408
789433
789526
789566
789612
789813
789995
790051
790116
790304
790562
790716
790841
790845
790940
791065
791116
791377
791476
791505
791532
791556
791643
791653
791683
791731
791732
791817
791825
791836
791974
792011
792046
792165
792166
792319
792406
792450
792470
792560
792886
793122
793212
793407
793483
793617
793760
794263
794407
794725
794927
795066
795070
795099
795520
795715
795779
795825
795936
796025
796158
796184
796196
796449
796487
796509
796527
796577
796594
796815
796858
797069
797098
797157
797397
797398
797408
797503
797544
797650
797744
797835
797993
798216
798227
798252
798266
798523
798698
798843
798971
798991
799064
799255
799458
799551
799621
799711
799713
799788
799847
799899
799972
800043
800504
800638
800885
800972
801079
801088
801175
801431
801801
801803
801857
801967
801983
801994
802203
802330
802373
802706
802982
803316
803366
803372
803419
803481
803498
803725
803747
803850
803856
803868
803882
804075
804538
804543
804588
804664
804730
804814
805108
805302
805801
806038
806179
806277
806280
806401
806502
806545
806571
806778
806986
807017
807085
807090
807427
807441
807458
807646
807729
807861
807879
807910
807982
808156
808256
808285
808525
808563
809088
809205
809290
809376
809439
809539
809549
809647
809660
809707
809839
810254
810464
810758
810794
810885
810938
811068
811172
811286
811336
811498
811668
811671
811743
811763
811827
812006
812035
812099
812173
812175
812274
812434
812443
812492
812855
812930
813038
813138
813337
813593
813728
813778
813801
813871
813937
814059
814090
814259
814261
814499
814557
814576
814747
814769
814787
814874
814883
815051
815067
815114
815606
815714
815960
816161
816173
816199
816265
816281
816460
816602
816623
816642
816846
816859
816983
817102
817152
817225
817359
817400
817401
817423
817472
817540
817653
817828
817903
818061
818165
818176
818307
818365
818420
818450
818552
818570
818621
818919
819025
819084
819152
819282
819288
819295
819402
819470
819472
819558
819593
819840
819935
819972
820059
820098
820191
820216
820394
820605
820631
820727
820769
820960
821081
821151
821235
821434
821447
821514
821885
821966
821987
822016
822098
822255
822313
822399
822488
822728
822838
823059
823073
823154
823174
823248
823303
823317
823480
823547
823552
823652
823937
824033
824285
824317
824341
824399
824445
824511
824540
824673
824690
824817
824866
824942
825133
825148
825167
825222
825328
825333
825352
825751
825772
825909
825930
825937
825945
826022
826036
826104
826160
826193
826271
826274
826453
826636
826682
826745
826863
826924
826980
827164
827209
827218
827563
827588
827747
827761
827844
827917
828002
828041
828180
828261
828395
828437
828508
828526
828571
828604
828620
828637
828943
828947
828950
829358
829671
829685
829804
829905
829933
829961
830061
830090
830094
830205
830227
830231
830278
830481
830485
830650
830705
830895
831001
831131
831177
831241
831401
831456
831590
831687
831697
831787
831887
831933
832271
832420
832484
832742
832781
832814
832818
832819
832830
832897
832996
833016
833278
833415
833651
833835
834051
834303
834382
834420
834439
834647
834840
834851
834868
834954
835052
835078
835376
835573
835661
835665
835734
835783
835790
835792
835811
835903
836018
836111
836123
836147
836149
836231
836578
836711
836800
836917
836952
836974
837047
837052
837143
837185
837286
837324
837450
837468
837485
837770
837965
838109
838128
838175
838216
838286
838406
838457
838500
838517
838533
838562
838671
838679
838711
838761
838784
838838
838851
838959
839167
839200
839212
839220
839409
839513
839518
839528
839549
839593
839621
839622
839726
839784
839878
839999
840058
840198
840487
840504
840576
840641
841143
841173
841212
841317
841464
841704
841735
842181
842299
842379
842399
842408
842442
842458
842516
842589
842714
842770
842830
842873
843017
843187
843264
843471
843633
843794
843806
843812
843882
844076
844284
844473
844480
844509
844511
844626
844732
844804
844838
844861
845114
845127
845262
845384
845398
845469
845487
845516
845585
845586
845692
846029
846057
846272
846304
846392
846558
846578
846604
846667
846733
846803
846849
846854
846874
847002
847053
847087
847120
847246
847278
847378
847495
847628
847667
847705
847802
847816
847996
848145
848186
848246
848291
848307
848454
848478
848577
848857
849021
849216
849324
849384
849405
849412
849494
849542
849567
849591
849792
849906
850046
850066
850119
850340
850405
850415
850428
850618
850739
850901
851088
851105
851135
851299
851330
851366
851560
851585
851597
851707
851875
852007
852041
852045
852074
852081
852099
852222
852289
852437
852478
852559
852932
853019
853115
853148
853395
853413
853650
853753
853832
853991
854081
854251
854334
854442
854502
854752
855000
855015
855109
855124
855227
855252
855462
855544
855693
855955
855978
856269
856306
856422
856761
856860
856930
856964
856997
857164
857247
857249
857435
857483
857486
857510
857562
857766
857794
857817
857901
857915
858103
858273
858325
858535
858564
858593
858662
858702
858902
859397
859462
859490
859556
859799
859801
859857
859967
860103
860308
860328
860411
860414
860451
861022
861073
861107
861395
861405
861490
861491
861556
861640
861723
861758
861803
861817
861993
862034
862123
862401
862516
862559
862582
862611
862687
862700
862907
863139
863145
863219
863235
863394
863716
863794
863880
864172
864201
864329
864342
864388
864655
864888
864954
865074
865112
865126
865239
865274
865298
865550
865705
865816
865973
866235
866314
866326
866684
866825
867015
867089
867119
867153
867162
867371
867410
867418
867485
867817
867882
867990
868072
868084
868201
868333
868413
868512
868526
868746
868844
868881
868993
869009
869133
869136
869362
869615
869698
869737
869800
869848
869852
869896
870409
870466
870788
870823
871101
871102
871246
871249
871261
871523
871602
871698
871807
871859
871898
871904
871952
871953
872072
872079
872086
872091
872162
872245
872268
872435
872636
872648
872722
872793
872797
872808
872826
873050
873433
873652
873709
874097
874113
874147
874253
874337
874452
874570
874586
874749
874817
874876
874924
875015
875036
875117
875243
875268
875318
875359
875554
875868
875924
875965
875981
876061
876100
876108
876149
876201
876250
876367
876536
876642
876689
876721
876900
876905
877022
877127
877281
877362
877544
877576
877664
877670
877982
878475
878555
878586
878598
878655
878666
878677
878800
878850
878871
878907
878991
879299
879327
879424
879562
879587
879686
879690
879752
879784
880180
880200
880204
880271
880388
880739
880997
880999
881018
881039
881056
881092
881190
881313
881490
881492
881509
881555
881693
881728
881772
881824
881829
881893
882168
882191
882266
882330
882455
882575
882660
882682
882688
882692
882846
882904
883068
883140
883227
883281
883283
883318
883389
883443
883456
883564
883965
884065
884132
884402
884678
884693
884718
884827
884843
885088
885144
885294
885299
885390
885508
885566
885571
885647
885820
885831
885844
885864
885943
886181
886457
886528
886600
886855
886904
886981
887020
887159
887293
887372
887432
887590
887627
887685
887707
887715
887737
888042
888047
888140
888174
888195
888206
888231
888561
888604
888879
889158
889337
889532
889665
889684
889743
889774
889952
889971
890217
890332
890382
890461
890505
890580
890690
890825
890861
890915
890920
890979
891067
891249
891556
891559
891569
891595
891788
891869
891934
892027
892107
892258
892309
892642
892738
892780
892809
893203
893204
893244
893549
893994
894027
894111
894144
894166
894587
894731
894772
894856
894954
895008
895423
895721
895769
895848
896091
896152
896236
896277
896452
896489
896505
896612
896711
896736
896759
896872
896927
896959
897108
897147
897273
897350
897561
897580
897722
897795
897834
897886
897939
898654
898771
898852
898994
899075
899096
899109
899264
899316
899329
899340
899431
899526
900080
900096
900550
900599
900639
900658
900798
900955
901264
901298
901373
901389
901428
901462
901671
901835
901856
901862
901864
901872
901915
901996
902101
902444
902465
902546
902814
902858
903043
903054
903111
903208
903322
903343
903433
903441
903458
903460
903534
903561
903627
903635
903642
903720
903811
903966
904003
904162
904192
904325
904543
904737
904784
904841
904855
904953
904990
905011
905107
905114
905302
905360
905379
905388
905531
905590
905734
905781
905960
905979
906057
906092
906137
906168
906245
906300
906569
906673
906764
906874
906949
907010
907116
907201
907260
907309
907338
907354
907436
907446
907465
907580
907682
907833
907898
907926
908092
908197
908425
908475
908602
908782
909105
909170
909294
909302
909305
909307
909310
909623
910000
910013
910112
910176
910289
910387
910458
910581
910637
910640
910843
910998
911016
911115
911211
911382
911387
911531
911585
911725
911814
911825
912092
912201
912226
912254
912259
912336
912526
913027
913082
913315
913807
913904
913917
913920
914047
914154
914227
914235
914243
914531
914701
914745
914760
914809
914978
914993
915047
915069
915256
915444
915503
915582
915637
915925
915942
916049
916129
916228
916238
916336
916982
917023
917125
917146
917323
917431
917603
917664
917710
917931
918098
918107
918158
918234
918272
918588
918598
918710
918813
918832
918904
918992
919049
919461
919507
919520
919549
919657
919735
919832
919992
920018
920022
920134
920354
920508
920552
920687
920747
920780
920796
920831
920887
920919
920940
921131
921162
921247
921269
921565
921580
921665
921760
921993
922004
922018
922097
922109
922156
922161
922186
922225
922239
922289
922324
922496
922497
922504
922781
922919
922950
922971
923057
923174
923210
923315
923407
923452
923565
923631
923658
923754
923871
923872
923926
924013
924143
924230
924378
924382
924386
924531
924671
924872
925014
925053
925179
925269
925373
925398
925412
925520
925537
925576
925598
925647
925690
925715
925803
925807
925957
926062
926142
926191
926200
926333
926516
926661
926993
927095
927137
927369
927582
927643
927698
927818
927944
928046
928275
928482
928551
928628
928813
928842
929017
929070
929174
929246
929267
929296
929322
929368
929396
929899
929936
930069
930241
930316
930392
930441
930449
930533
930585
930677
930791
930844
930937
930994
931070
931080
931092
931188
931213
931254
931429
931456
931643
931788
931814
931842
932002
932021
932026
932047
932158
932246
932360
932428
932439
932694
932829
932967
933008
933060
933268
933505
933587
933627
933654
933738
933863
934482
934571
934622
934628
934647
934748
934784
934884
935024
935140
935320
935462
935491
935525
935546
935613
935636
935813
935849
936010
936059
936102
936142
936163
936171
936290
936459
936627
936851
936994
937042
937167
937333
937381
937557
937572
937637
937656
937707
937763
938029
938325
938339
938506
938688
938701
938749
938754
938842
938882
939013
939284
939478
939526
939546
939838
940087
940103
940271
940491
940594
940604
940614
940756
940780
940889
941050
941122
941131
941307
941412
941563
941593
941897
942078
942219
942299
942646
942647
942962
943300
943576
943638
943652
943974
943995
944007
944076
944153
944239
944392
944451
944512
944585
944719
944841
944888
944922
945069
945091
945106
945218
945279
945351
945411
945436
945707
945859
945933
945939
945940
945955
946171
946175
946230
946291
946312
946760
946824
947091
947147
947269
947688
947791
947811
947820
947891
947908
947958
948201
948294
948782
948799
948915
949113
949130
949213
949339
949372
949393
949500
949534
949760
949837
950304
950479
950594
950754
950780
950885
951038
951075
951163
951291
951348
951354
951381
951431
951631
951731
951751
952017
952045
952102
952356
952699
952730
952737
952768
952853
953042
953145
953155
953264
953276
953320
953546
953572
953652
953974
954221
954222
954228
954291
954545
954548
954559
954713
955039
955074
955087
955288
955514
955531
955543
955552
955870
955934
955999
956036
956067
956108
956112
956414
956432
956946
956989
957152
957193
957227
957374
957432
957448
957472
957704
957706
957710
958091
958258
958387
958460
958782
958953
958980
959182
959221
959253
959302
959405
959612
959702
959808
959905
960057
960075
960361
960456
960496
960535
960723
960796
960944
961032
961043
961100
961173
961185
961219
961517
961546
961558
961879
961884
961922
961959
962006
962033
962057
962112
962339
962402
962454
962603
962625
962696
962772
962912
963103
963118
963441
963512
963899
963971
963985
964004
964368
964436
964472
964542
964759
964932
964984
965162
965182
965512
965561
965571
965625
965779
965841
966015
966017
966050
966369
966411
967089
967205
967225
967259
967269
967306
967333
967527
967736
967766
967795
967855
968312
968352
968492
968593
968644
968692
968727
968763
968772
968795
968797
968889
969011
969113
969250
969346
969363
969541
969596
969597
969711
969755
969840
969897
970023
970065
970120
970172
970181
970256
970331
970429
970478
970668
970701
970830
970934
970958
970976
971198
971433
971449
971506
971752
971951
972038
972183
972190
972218
972332
972548
972612
972823
972884
972886
972937
973066
973262
973366
973516
973637
973677
973690
973916
973969
974019
974027
974104
974191
974229
974563
974620
974680
974855
975196
975322
975543
975595
975655
975815
975900
976093
976214
976230
976261
976274
976308
976424
976575
976653
976672
976978
977153
977154
977207
977244
977247
977254
977276
977849
977958
978028
978076
978130
978229
978281
978552
978647
978742
978970
979111
979164
979172
979459
979491
979786
979811
979986
980100
980336
980630
980659
980797
980900
981021
981090
981163
981326
981370
981396
981420
981452
981475
981511
981550
981685
981696
981701
981773
981795
981915
981934
982007
982054
982181
982292
982503
982546
982672
982691
982876
982968
983014
983054
983239
983435
983543
983554
983568
983684
983762
983966
983987
984202
984484
984631
985113
985151
985300
985306
985349
985598
985995
986055
986118
986206
986369
986387
986509
986581
986654
986884
986948
987038
987044
987335
987432
987456
987767
987815
987900
988224
988254
988298
988313
988410
988417
988418
988481
988551
988593
988646
988760
988839
989250
989280
989322
989381
989387
989748
989764
989816
989823
989835
989889
989963
989994
990086
990180
990204
990338
990370
990397
990573
990613
990650
990670
990908
990970
990982
991051
991083
991173
991228
991261
991390
991473
991486
991559
991589
991613
991759
991788
991814
991815
991848
991929
991990
992037
992127
992159
992170
992176
992225
992636
992713
992880
992918
992949
993093
993104
993191
993221
993263
993384
993498
993622
993743
993865
993888
993993
994210
994310
994313
994353
994417
994563
994591
994602
994695
994713
994746
995112
995127
995352
995380
995390
995395
995430
995459
995497
995534
995758
995935
995959
996061
996184
996350
996405
996427
996432
996542
996767
997134
997153
997476
997544
997605
997723
997742
997764
997767
997771
997772
997859
997878
997911
998023
998038
998178
998615
998705
998728
998861
998881
998950
999014
999076
999350
999511
999561
999712
999799
999969
999979
Comparaes = 49995000
Troca = 9999
