606714
511775
112288
702242
658542
77592
409355
94202
532985
407130
159718
475790
535616
658617
259126
855942
264639
616133
963711
400624
314962
142828
823122
783286
367976
669853
763759
906146
376831
806185
135339
983545
832164
247627
199992
4911
839422
609346
99113
886611
530680
773034
362402
66296
431652
621527
922238
210495
751864
400154
125324
581030
57187
462650
364317
425162
132503
128076
845512
509333
448466
980851
7083
280630
742682
207075
799745
96309
330625
898857
982919
375510
186096
345321
441805
131952
481053
878247
342447
747121
792606
981974
328152
363997
444624
692468
789158
91331
334748
148876
114868
297418
129727
121951
92253
386613
843229
891997
482921
688058
305059
465840
63568
491154
325366
505373
623106
806418
897824
479757
553539
204635
461731
881690
568631
420559
88363
871994
26094
937315
20870
140961
234733
150596
777115
326985
537208
134549
733186
20129
822607
38245
173
886174
529399
325538
905751
666709
646160
317781
146466
199700
522415
122401
595594
605251
57164
198162
477245
597461
135477
498114
252626
884413
162914
29742
211399
214326
678494
944584
748658
501101
497034
748830
901480
540637
74369
807231
207346
720528
639216
868015
434432
675836
504620
544231
281087
75988
742392
758331
673448
392073
770649
926073
276486
933562
470019
2089
147888
148514
460878
896545
163819
957911
159580
65299
498548
748152
386735
220098
982885
540155
602317
417317
215991
106937
475752
497077
697128
732348
769612
370576
124421
540261
810853
915111
473823
795077
431404
135915
457795
892281
546664
135818
364397
706244
201117
377149
968600
102056
111451
951485
642210
713767
883007
858201
334908
358759
869482
32036
605312
639095
916815
243937
693560
241874
159048
167384
36951
590452
817502
8950
996937
878371
144767
361335
98820
860087
252688
67420
962142
364139
18906
118558
77906
416117
490963
927018
289080
874649
959053
894391
513744
390074
138329
207305
631947
811580
888892
183102
402032
220599
192051
913174
98970
336817
788713
197789
196905
41401
265209
673251
405539
798318
306013
997649
214435
311180
924667
17719
185830
397925
912110
699573
787998
50439
421082
419945
376223
824178
603046
778255
44778
309301
205634
143747
646118
994346
855740
357227
549951
120949
544682
469695
433471
364900
467344
647905
676079
906215
179828
861908
304140
91938
75687
606343
656580
10973
26288
32804
835151
143539
325263
879928
452839
530896
537879
613161
39447
907823
484592
589397
28772
543479
59092
462242
908378
526435
624351
584457
946854
318384
960570
765199
410321
36257
371542
66902
47229
912033
613909
396584
55572
939171
790716
22616
984271
328596
149981
23718
236419
148778
613114
779395
692256
186411
755841
114839
227050
894397
699295
173905
212781
659865
939103
137306
210326
310645
718411
771759
222678
332320
168343
792454
785695
959059
329274
769966
801859
479254
307888
552482
628031
921002
331877
320287
621617
601923
435125
848666
10525
648625
22571
223305
822694
475878
360610
547225
300727
79022
318984
37610
925545
487326
830063
711241
446385
159337
995411
248244
152795
303300
800726
780826
738506
646807
615317
360123
762934
564647
208789
773458
213272
745564
996762
550170
221442
871577
97395
522169
464803
416378
559778
390348
417909
904045
615793
378498
63382
611205
626742
216176
428709
941672
511206
167215
102684
126524
41542
865618
691170
250330
639076
418646
995893
150044
483020
731540
535825
580415
253709
628
510997
327691
905179
443110
231736
35178
821608
295117
160587
962554
25497
589295
904226
536703
270714
521114
177431
312255
900936
382805
76789
540013
801450
586887
204261
284470
318427
740085
379089
86340
254917
404291
414030
160096
847400
645765
709477
669008
455086
870063
631562
994786
459358
49993
531489
244276
571107
223124
556530
472043
605928
147524
526260
921582
734410
244725
206053
567041
499014
99346
653380
753930
503636
581614
428231
351037
227379
137708
534249
196669
521976
165812
191455
981333
215804
237149
225610
301115
460272
296344
287363
580405
958071
327827
501987
692481
86757
222244
773726
585770
321590
941310
853905
339430
522924
282136
690466
264507
934047
738920
975379
456023
904731
166835
951561
634739
918187
691375
450059
892663
501923
737421
473068
459995
579452
975055
666680
666208
197299
954611
251979
518888
895921
105884
372523
933050
902223
62989
711761
350475
316113
687141
320703
220844
368180
786468
369788
286367
992047
819846
179030
493970
557267
652098
468169
136719
141358
649054
317132
338656
603665
569110
371749
13791
189198
744271
461045
605625
321464
172807
956099
637577
859947
791006
372625
742331
577474
742412
28698
83726
562258
207727
91901
633729
374029
560069
284653
515386
723327
601784
368247
326992
685098
739995
854987
874295
998470
316032
994124
834138
3043
464428
471715
862989
255435
358545
119525
347113
100957
148222
430839
177420
870153
522739
811148
244182
597012
95801
273773
320340
211789
642019
161536
896886
896218
16523
771181
894688
846759
279510
728826
849801
743938
714746
226996
999372
73291
346520
860689
174247
494742
291528
351666
364895
328471
677019
123281
925483
287024
397053
245823
498813
553276
407358
395699
449494
938085
681085
344182
784844
960594
587213
634645
704532
301959
861640
218109
375249
208161
78799
63700
217107
370326
929570
96206
213002
606589
219486
138485
407817
130744
898511
906629
684019
305869
302329
647718
758158
983413
991899
543002
458212
93317
691852
162745
395275
67697
895057
284728
790061
973855
348428
7168
858386
792202
103373
71388
912995
837063
209872
320812
482011
622587
227442
680234
928455
43975
327952
200819
27388
834056
258025
999803
441577
949876
162548
836852
17574
57606
121580
321839
545665
984211
329007
404051
776413
946583
989642
203613
297851
713718
524425
294066
336305
751866
974300
778965
795840
816456
979783
337432
164717
237808
337235
606294
701889
13988
957350
233667
585797
593134
555505
645666
577346
884511
49718
867963
345300
553564
71577
643150
267283
596001
937216
603587
862071
425721
382552
172116
756381
876539
23752
435303
114348
360986
555801
330441
889177
513151
564107
989178
620489
119612
634845
712039
518328
198767
580003
863627
752330
165784
20982
19613
275989
472402
137405
652264
898122
34161
824379
168709
910700
848130
118216
539252
723320
674016
869692
612498
701371
433799
115881
321860
67615
750725
33900
585942
949491
128107
449569
701822
808094
470551
235639
84083
942952
373043
736346
355280
407204
74930
38193
317904
923059
156408
371360
160584
830423
755256
287286
45999
189055
403167
882062
256669
153892
915961
356816
103384
558272
806384
319410
366366
791139
555048
964652
248297
928091
700998
603576
335295
775927
641768
167403
213191
312380
52967
373775
657007
808222
661060
703005
511481
64227
585067
282354
732323
15234
639169
835706
87710
959758
155116
454076
750897
710163
418728
999193
152459
633931
116974
1958
409858
758741
169360
137254
71121
736530
511028
728127
544752
172088
945336
56233
750519
44609
338587
482842
