696448
141172
388028
357697
4003
698989
936605
625196
197571
78334
217161
220262
286490
167040
111689
8991
114851
634536
441268
322929
832615
220560
686216
953142
253896
848705
893652
200254
274156
5074
74110
970604
660450
462137
842505
178657
161126
779111
803853
872900
371649
535218
93163
658138
702257
719055
667128
817107
353591
622600
654240
700410
357364
340456
653552
611259
703366
61409
811512
977521
66482
399826
462330
241136
861962
819040
419793
23089
598151
737850
895988
969799
787272
503355
142142
489529
222410
323474
820840
90205
460278
475080
790614
817641
329740
444166
943104
33106
505574
268821
524832
86261
668646
501366
327396
530608
320406
261393
67901
432761
513447
478094
916764
300719
495653
573110
790247
718063
896583
125292
322472
871065
114576
627291
202911
444316
585661
146015
991625
91236
414835
30662
691700
597685
532028
533300
642498
366638
308898
710398
799399
822344
702696
230368
123064
198350
803478
427515
430617
214266
67012
753088
85332
181587
380379
288242
140107
966040
948461
645937
571480
877500
676598
777384
475186
208626
824888
117684
575264
133786
342286
888867
956130
559187
633439
593398
757536
436917
535117
702357
165388
602128
969649
250719
297920
864233
53165
952230
344478
515830
598167
915957
393331
274766
207546
868516
997595
32434
500404
87064
680424
356894
975930
150759
916080
609370
744156
187821
560491
793477
890177
725878
909810
859827
490801
207730
724060
58171
674164
68538
574000
272332
498699
967330
61302
220449
350051
58897
767086
364659
145961
447510
721553
636095
598268
637633
759669
856628
339659
320161
164311
229836
560243
74121
603867
565249
796054
842131
623419
470218
424873
711623
256754
437776
193159
832259
658224
543209
405361
939515
907868
65526
387025
143626
701620
499498
295463
975494
870330
635121
809859
548845
864957
370102
622965
983028
935350
933223
825160
72974
917646
250033
784597
688604
202014
977755
520864
860237
35169
926224
313957
457241
991749
215187
600866
207574
228889
896329
183068
99219
45655
507131
162269
424816
877233
785233
407845
326788
232662
233005
913966
150308
997241
698563
353116
199255
190523
873979
573697
225691
314408
887653
197137
820361
617044
312207
542140
845932
208536
239412
945151
768395
746543
621624
193211
137981
406857
601055
464768
153723
348264
892938
818234
859710
105706
171351
58965
296228
559534
146866
36124
388147
548724
233260
722712
165768
545466
264852
11701
268207
504264
471056
36602
250807
92680
744016
388787
13741
345072
367759
681668
207540
260698
499902
67250
366403
185457
640419
176836
744991
787284
212959
647342
850212
960422
370054
530185
20093
634906
56090
288299
653374
527145
839104
904180
134029
583121
807171
661973
442397
689134
343641
649936
949831
357748
717186
830439
543204
357605
7275
288195
659093
734437
449741
23511
209064
819795
553695
229156
454701
123989
31660
108075
165338
870763
526459
299366
968088
847834
475543
924689
536968
819184
574626
1005
176932
806016
345648
234340
677825
867126
36740
851122
115768
486480
874632
324831
306275
942531
553986
275180
66520
585645
897458
746061
970613
938121
45427
938701
785955
520970
377596
837128
854358
952221
838132
545494
272442
697984
779833
950266
565110
816572
315593
680877
817257
704430
519912
123532
646961
73898
912916
227686
173748
810374
973746
144361
748496
533378
597266
48656
568552
974861
885783
937114
441287
238120
482608
227933
936103
776645
178199
15418
107423
7997
210499
924679
712426
730410
562415
359387
318513
475331
101277
492260
799910
589228
150825
548406
636810
262295
597061
205362
237157
997049
656680
192648
235169
653492
420581
685477
430137
112984
700894
51764
120980
425598
490647
833405
670212
567267
706997
988724
556802
322478
480984
356712
911705
146013
905117
62720
408308
16384
782285
159669
13433
438965
352316
762805
92457
287101
448282
36799
400085
663381
88562
35269
603183
93414
868674
273395
660680
89876
262120
217482
412353
257308
88399
838263
403321
507720
900982
325833
524103
683268
485501
51740
122233
352021
328750
728894
639122
777031
765692
553411
954616
368458
588679
72004
976075
457353
345399
150960
547228
121723
882646
473786
379030
971044
312049
296555
478764
213031
622387
2868
410503
622092
568811
46941
974113
897560
775834
127440
188797
55731
680850
657617
424188
269529
729621
400264
241087
75020
65428
302519
710946
948073
776304
89976
919117
602557
900735
397882
815588
37327
914953
740295
659419
997968
787235
147737
895529
563069
275176
598530
618799
956025
256147
557192
739758
499972
471660
495049
89196
537087
797568
800141
485161
88077
404322
404278
690634
305057
316364
20427
856587
745521
760721
516006
743490
547957
663742
153224
625230
453122
751753
758234
923351
522104
315426
663110
22077
301290
158159
111272
838376
469931
425618
837741
72213
829939
756224
762846
649200
586792
297477
505787
332314
58198
535998
75804
120359
713944
229027
259794
167067
980779
18028
90418
17088
847657
267732
39164
148947
940095
664640
501527
410026
604462
339269
482238
434401
609697
759288
597805
196489
570969
103592
528802
143372
639589
604605
263730
353534
347836
37728
34805
842819
55755
125222
859907
903411
392954
899070
566562
333049
77915
68090
257279
682376
921562
253722
630981
531259
527214
228786
727747
98184
332378
770754
241555
486171
889563
19489
353909
237400
57217
388713
80219
112971
513935
454330
530587
421093
353401
97149
268346
945519
165238
525624
627896
86800
779345
773081
132263
820764
1868
860010
918947
848449
144969
160502
334620
34532
179990
688529
786135
237206
591446
866354
864381
105381
834888
394968
40678
188289
492116
309023
648013
171559
348852
790113
772562
642401
563194
904825
463165
79266
279040
382112
927714
424008
56818
776539
972743
236808
979272
758879
988217
570718
139438
366803
190304
974325
275975
230981
676819
282296
54209
324832
453854
403060
629149
740620
45461
706547
645445
508626
785813
924484
404942
713527
862696
461760
4271
835440
212772
983542
108524
200989
554261
247961
81997
258769
736490
357971
489749
413309
640266
543957
252345
608324
461221
881493
348945
506682
588041
994389
529512
888058
433079
934453
115790
809979
396213
120061
159624
608984
103603
268147
324178
172068
30312
406174
430836
766802
278349
434790
694315
432820
492951
460865
41144
954172
856562
390088
460854
958807
898682
990365
846865
845965
439023
962655
170149
835236
82716
329773
444220
700522
112124
282602
872590
656640
202980
817630
937646
481329
252420
631961
914148
259576
92826
469496
213748
463593
859584
188806
422400
272471
693375
269266
632640
132398
231921
802788
967633
828840
646765
926058
529362
758889
722864
916156
929733
925844
247992
867379
407173
14616
499340
835525
274191
106371
305021
487938
84168
678809
190948
506567
465484
884322
775832
98124
16721
521957
415117
498558
865001
61882
938820
908568
334975
661685
824724
264708
587529
72716
132087
508906
601536
145632
344431
875726
766206
163656
877869
850373
842465
68817
871144
307949
953139
646977
920277
484064
683138
849598
982621
62345
911479
921442
970912
760659
97332
309841
25367
684860
896761
671658
707970
498297
331494
52401
374023
97700
216056
251892
462277
572725
834913
333421
394879
788052
494602
829360
272116
691945
678958
768941
754289
104642
204588
725201
865300
301919
549246
404872
500983
446007
76530
208953
944303
408023
775557
832531
19927
505818
598627
482203
78543
433540
329828
987625
735796
824430
816985
522116
516375
10148
805262
784868
114790
9850
24274
980089
825973
573519
384961
326956
533731
975694
50114
992238
383717
825670
824769
917847
845692
937601
400050
438440
885345
729878
426065
621142
68513
757255
657462
99092
767402
462724
883959
882191
986778
908232
376486
812751
995955
761446
653911
529686
251346
218229
521925
635062
43900
860898
552910
403796
798499
467164
842235
683845
711246
268301
819191
779758
539760
476653
878849
307162
939377
762808
703558
926155
185245
80044
253111
181201
355694
421226
225091
607039
639455
747015
756306
683354
607914
823420
601354
920617
804788
443590
516035
226095
423653
809997
765854
900306
688847
73016
353888
965859
290778
794247
665309
370821
47358
360714
240720
982787
585804
847758
622242
847024
118269
819800
454938
941688
421155
375555
746477
864744
494222
776716
90839
917874
586713
856692
332385
789764
443912
200477
269829
734690
508928
935137
105511
70490
295851
346230
53278
395859
708193
675519
242883
826461
495320
212025
282355
916474
101785
543036
781218
596006
319752
872056
28085
420669
242953
874674
210434
686864
589355
480262
421554
98284
929603
41270
168773
739658
901703
222050
135517
124101
411774
892604
464767
907093
104629
747121
337772
206413
290157
118990
316623
124113
505250
344708
544781
748202
733586
269419
949270
322941
263885
885029
421224
193488
440503
104202
933145
856410
840455
582867
980511
252229
475471
445278
673526
580099
706603
11298
300717
510964
644491
617339
149281
149741
476251
208266
412147
209837
477685
361418
532778
741569
760651
468206
449262
201154
86612
896611
57564
927067
479478
552279
693500
954948
511761
367027
49253
218364
892528
349969
243532
537020
481512
392812
200965
957763
601078
613112
167600
592967
488734
214582
848740
249385
196993
812206
964742
283604
708818
22306
724875
188296
88790
418376
657449
600550
299607
706701
333119
706339
570874
90855
243359
52386
483667
444324
524353
598949
571640
691953
706120
60374
420739
69065
823962
617731
881271
788704
415540
590089
325214
140415
292589
414003
72995
464242
528758
886805
685147
861876
593145
256021
952730
350708
822611
950601
795031
346964
63755
880875
553121
284079
455453
973860
353144
279415
105796
234415
582323
521335
338708
907537
175955
145501
835744
248949
609743
364502
135755
294890
226378
728899
65116
693313
79607
887726
158119
388843
234690
221874
783922
302016
505952
239376
275876
859095
32995
895875
607714
615318
931415
460626
37060
107370
606127
387008
870522
215870
751510
6277
24964
492092
249380
90079
699609
843191
977804
857728
746238
726699
79602
530160
28715
99758
769535
818794
473058
316735
228874
80772
446257
160289
55603
483316
781862
661729
870323
652385
391803
136038
172866
416766
628130
936450
21050
327739
293846
513058
699671
40084
239757
779272
570243
782675
393235
853983
115674
866292
684922
344548
461268
131179
19041
516870
614494
315108
178599
999021
481697
84606
135060
168767
15577
277394
105217
36626
119337
399062
63888
819008
439145
817849
112485
523593
600524
505719
891780
230403
372011
576702
89155
833279
707880
108195
864353
836578
937506
42953
835599
419203
641762
484863
587970
657338
276461
207391
693963
395798
606453
757851
729010
559802
575700
841494
597599
690428
861418
489379
435035
747633
66081
524189
95117
288165
146589
959470
124743
84095
516627
474547
503298
158389
473614
605472
815727
750075
812862
23895
660077
933519
295950
389087
493322
871649
744785
90921
76283
606203
94505
511317
353837
674789
549711
448953
962954
696299
922627
601901
780393
439254
76448
797895
597643
550062
917571
413370
814341
730434
437264
474418
663953
733214
377709
671479
119068
122494
276605
709554
242902
371109
735076
110943
45898
284787
559895
523056
981085
996727
124958
761478
435981
201405
73579
33624
265671
991149
446993
80012
235788
398462
68634
413946
645880
446342
85425
764947
568836
876233
474502
325942
247342
723782
436884
807444
8569
510983
330500
989653
507710
455457
265336
943691
171067
853118
977314
950941
844268
938512
545158
594260
851178
613791
8206
497058
60134
607835
262005
143174
998272
250711
469115
245615
974492
905998
567263
497265
931185
897762
486918
438896
867424
752254
382587
552695
605372
874105
503636
963844
326822
48794
72310
178000
176790
594719
675057
751127
202554
451267
894300
200827
216182
877619
960645
704879
297822
527908
202144
229007
939874
689062
667902
321503
955520
564693
874197
75097
953003
892038
553146
279825
940831
625455
972029
631825
220174
647086
382952
936932
612557
277252
651963
828739
669075
126813
533618
966896
168925
735761
195904
108799
939027
378010
430302
408752
456908
818703
483849
409911
710741
551199
203940
165778
176654
175969
797602
911031
823055
180555
847963
435612
972010
14131
778555
641086
140943
826377
122187
309867
76344
832294
932870
15371
210305
363172
938327
181417
181875
422176
591327
892616
487579
795266
572598
664232
971235
370200
89468
308495
550754
937431
258311
36970
465766
551071
192260
606709
377448
314446
430780
453791
146741
363650
983366
871249
241026
921693
52666
937105
858073
158197
343926
345652
467667
916523
524088
438902
286723
613555
261601
351682
65191
388651
530957
70983
95115
651870
962634
409560
596854
416426
556300
960504
913996
941753
201530
349894
508623
652839
207967
666819
996764
67823
134487
913287
106115
87593
200011
719669
349194
65897
299065
383310
454547
344226
968496
549661
510300
931130
473425
107154
861760
543930
67658
775756
485683
783392
639854
994306
436231
362025
661125
432996
429847
309816
860487
50166
397409
60498
769835
260807
126394
583104
644116
95145
927329
612612
159010
437629
57947
632435
544782
919707
690569
126645
209668
176252
424241
849522
684762
374676
211547
860092
321876
155599
169908
182364
205764
81521
242861
489803
342327
883459
72907
986442
492808
514440
113259
651818
466273
171206
798457
525260
605117
489026
651904
328989
179482
590349
178511
864244
965024
904262
238541
286901
574065
408448
469264
779828
489969
226329
783836
346500
109788
370947
332943
602596
885387
960405
768618
865864
131611
567075
391124
250932
570305
557232
579921
749786
147581
272636
128235
626810
691102
366775
913710
265167
289428
897178
559200
293601
123507
343036
640100
747499
713982
487247
864299
113574
447653
632917
493643
93468
714196
884766
344400
798705
956203
438525
62696
103784
711160
190931
730593
402263
71910
158508
181634
361337
55686
740833
654937
693397
83869
295038
440896
312056
296489
305195
939833
744141
452316
433476
837609
680716
318243
696213
479421
274446
134738
56321
892433
360102
247251
137232
276569
319161
809943
458203
194702
379834
713240
849639
73231
797109
658881
28331
623369
955369
847729
563202
699511
300045
996678
51325
494965
829125
261742
488590
103571
396479
544910
510208
270785
792161
161644
61559
625526
971587
33966
820227
351421
747205
184071
424651
58519
842951
452981
681887
312526
814914
759294
526241
114959
755972
577565
124128
585097
839306
612717
202872
749989
671831
713079
534978
463992
388928
596536
603722
360515
630501
938154
711935
891911
122225
650790
950429
479381
617975
632317
306111
432889
905815
832351
62052
661787
409916
186179
761088
763426
313100
963959
27620
984930
191243
562597
963127
580170
673338
81054
454889
818043
19208
166824
709954
655637
331818
660384
649222
949792
806905
955332
896885
712720
787683
958936
888711
711803
659319
649799
989433
486623
127963
17053
985758
319205
93854
463090
413580
281396
544143
868468
99440
77556
549497
323598
247397
881314
498186
896618
345312
819295
366155
242197
532015
153838
715338
934930
379845
888861
584729
369278
375485
712691
900534
875447
546101
508592
338537
959680
789988
882679
828148
403632
474439
377645
727229
721835
773164
739620
132658
118476
558915
498812
874876
605135
652649
590214
540065
32494
993280
638999
915975
882969
351690
816509
758416
411995
96953
371675
629294
493836
714028
547130
482480
605877
788563
204315
893245
528183
336973
11721
87099
835784
400802
692233
2639
505220
746502
549336
498500
385501
465312
381469
251396
796025
139885
663390
635331
751041
549270
778829
759082
777502
325959
241562
897583
628727
960080
790829
156910
811257
316754
758212
161247
717555
964649
678089
222776
711152
227425
721275
610857
206941
616949
862252
517171
756833
39848
152502
22080
589117
445536
295366
366619
285699
51132
264202
914425
525416
569235
585540
336674
885989
343752
12125
603544
822606
690213
340524
47963
917637
576004
658819
638783
192953
521072
155954
463990
560919
822659
486069
664240
268195
295639
30859
553894
346770
809264
468319
872186
378500
53859
723064
778693
911815
735188
896441
734421
425401
236966
782383
343038
812969
955406
496025
520126
476478
651978
984115
551601
474638
470185
215841
742832
765823
760903
810930
626798
84373
279250
498984
462872
847312
222048
755769
273332
957235
652210
896840
403380
818544
754082
730553
773951
250108
250679
250429
902085
234795
316235
890927
219184
532075
633760
499211
292979
444690
640213
377351
238144
139197
354427
599661
875448
624400
387197
346888
276610
909154
243728
194195
727698
997810
924747
501649
762122
689631
266283
664207
438630
582517
555135
657813
114592
703099
671228
921774
661993
311442
813329
414342
964842
681960
528207
354496
306360
915403
701383
582970
824557
459316
291369
66461
971330
216116
568109
733452
419951
348596
911863
858580
931112
466998
30598
559909
684301
216031
995887
346295
527472
809217
274841
6519
491177
803047
361014
311742
718450
576602
408916
543008
35918
700284
609468
521452
430604
691781
254904
850555
40378
166767
709135
485694
147970
253938
45603
832270
469968
555695
692769
511644
364912
967609
518162
370293
770656
393381
196239
489107
969982
605154
546319
520104
305438
669991
41556
250247
361772
810663
100802
916353
977429
324141
402048
639603
578078
961854
471874
562250
517549
164643
73894
396665
646457
592056
281163
417113
985436
477401
420424
469623
82556
480947
503931
902197
150938
545486
152444
26915
356149
767449
943267
847782
91591
859519
487386
183873
335579
473464
746123
853127
638106
820016
763997
798767
926276
45160
730085
425917
36765
150509
895539
633524
631456
399470
535722
296598
459160
202370
323512
329513
969819
780984
177296
575614
640503
664681
759486
976081
138145
19814
343414
290455
839830
107411
603427
766106
666774
333512
706228
703538
484020
115972
851267
629680
515442
386989
926278
488806
103563
249790
818319
73382
544978
995614
163200
185482
174500
922686
675767
826848
456704
533385
631507
296534
155000
234934
576845
821773
568445
283073
39517
566670
913248
890783
196350
428690
791976
636832
431701
895538
400827
250020
483125
945804
759838
646324
645490
448542
83215
835462
275390
539919
368847
421101
350657
523847
656035
441706
859824
738684
238983
413545
305354
152232
818532
15909
95126
124713
166945
526826
534456
567771
776845
17581
513576
536683
178109
673270
985224
775528
508732
774818
315447
391784
195920
180308
429835
366159
622014
803863
104843
860996
217409
924401
527432
550145
454514
622558
674858
621458
149384
209314
703434
440434
741098
731214
491321
919206
404484
990750
208939
427421
765568
524385
819204
475692
218898
763243
356055
355116
567106
975102
730316
298719
899503
257749
848864
868221
880306
37927
489679
543894
761444
193113
984327
502542
924326
475649
935952
843015
466399
144892
270436
746171
183481
603844
736068
402378
367087
92123
757493
448397
67225
487810
747116
966727
259763
110185
349153
140069
662315
353037
198167
423759
60354
182495
440505
498885
172348
376457
341900
638746
35553
126540
899121
219034
244588
635189
135616
611674
727312
407314
574275
794536
409328
835595
275469
669090
459984
624621
323363
122299
491862
521529
60262
552216
218228
14971
51101
390575
391428
393000
543525
941184
33744
956851
674422
278331
592040
810038
404209
833556
731556
978483
628093
140884
814079
417766
788267
556591
647540
424771
48454
683273
485032
600669
415706
500003
165974
806280
405635
558973
864010
861023
106921
820861
535446
385251
927105
859688
789459
760662
591244
282147
902959
732127
96226
320725
56305
398698
391520
218049
823468
954177
415526
822704
69051
831231
836911
235024
637512
756750
308201
15727
617774
415121
836587
153220
800371
763692
12908
104035
38559
604151
386182
941517
850482
996611
776446
420991
395309
167967
639039
218777
122144
54565
41482
191195
885796
392597
426218
37513
149348
248624
567443
767121
663744
404030
434545
464116
681926
961656
568150
720485
468536
176207
444698
465148
952653
865688
860456
120620
504727
79234
756967
73496
634919
462366
473496
27516
402789
25213
691067
651412
592655
458188
315156
510889
406937
293476
707020
882797
375831
427505
962808
844366
117916
407506
309514
70569
273194
169971
705392
292125
763408
976564
879825
912531
438930
867525
454251
355923
406943
145319
7335
999597
117711
836695
24692
38853
644375
731711
921649
20206
673420
884458
378777
791335
806168
202495
376109
593567
886669
81501
399896
650077
58065
793925
76813
11200
661451
531064
367122
68394
190587
888661
582195
308297
725356
121091
861353
369731
852801
783003
904141
40426
181666
282918
831761
987833
485412
207870
95605
372082
803574
495501
536363
375844
289426
613176
387043
465081
658444
268369
47679
363235
157030
629874
185736
882385
750964
47090
766321
117971
830092
670462
158396
11758
953379
504361
513795
438791
226435
609400
325077
30010
619105
861440
920057
422735
988820
821304
887816
161469
89673
935494
524703
760907
79573
710438
157497
344742
757527
923817
462712
587619
594279
135312
113581
61863
639673
627376
14859
380312
750980
339935
410321
370085
715579
844582
792819
704399
665886
680635
865867
269764
130335
904774
30671
724111
615213
702371
68853
372740
626189
45769
474564
734672
181081
588144
796535
334958
215520
811393
715269
480704
151328
639795
850788
381112
484377
643608
85511
664468
838447
465583
934231
482986
884561
479106
207098
499774
181477
275950
386719
321870
835923
861282
56543
531208
449426
853077
866165
179151
664470
95639
659854
330002
249638
510643
711113
734015
668455
310829
912687
21107
290616
361123
504093
175177
840228
711190
674951
535909
501344
61670
857779
337267
922951
914321
868474
886581
281603
248844
579936
946072
344483
239791
276074
594120
264638
501392
842339
447297
812220
269231
468403
102836
630353
972495
278012
984785
197890
467167
520695
699234
43041
892678
36501
965991
806999
419180
366778
88602
668023
946713
548878
526710
700708
339156
635035
965345
840547
991578
926846
652767
260810
395250
269807
891162
881949
62024
875948
79840
43395
910847
779073
86436
803525
815573
566631
124729
748957
933408
213330
416981
394327
276412
943690
95035
615567
92930
574585
456115
84509
501431
623086
345318
896680
407098
750684
292835
469121
140837
372674
512515
51684
151747
113155
855208
481524
679786
979936
230482
127399
707470
161667
521725
983881
619561
616760
113654
712491
705549
83973
796999
206980
707058
656521
617865
628360
921409
910699
97481
62247
283373
124201
628134
949323
237355
483343
430847
431345
977483
175533
558744
199159
337199
80469
697244
956760
211433
810897
669251
916981
894869
980454
638166
116133
151180
256031
744492
72589
680934
356178
649039
478511
994582
277174
427834
746141
274721
858680
177487
252204
34214
736230
965566
885616
816698
662811
842376
542336
987912
511627
459317
882782
6286
97483
513119
157465
867717
257611
744258
62856
127993
393297
541366
122575
184675
969199
868716
459395
342085
46203
225804
890502
296637
705574
776118
113335
368385
618495
655670
356298
644326
629192
753284
650612
240879
266403
322281
108597
38218
66539
685656
680415
974040
227023
802989
158715
196222
185910
132315
52511
746316
872322
943012
577896
233336
156288
946281
366035
326162
816783
10361
469558
570067
710437
350674
11663
333238
903095
78201
18894
583510
566445
245916
900704
239365
956342
86614
885883
523057
832930
758205
980274
875882
850305
213610
546374
310791
93849
386741
127574
104209
856298
211845
793590
566735
76723
805252
414177
979818
397657
947275
563328
478307
193191
464032
717671
663737
64851
603554
700999
897780
875963
681273
287867
726268
894882
834241
502935
220982
678837
607143
77280
404887
914937
158220
481609
234394
86601
461427
146256
33876
538960
624562
741271
517196
342233
919212
96251
459991
620211
994030
335954
301484
281898
576426
710570
630343
127690
213505
851324
806527
334853
442808
211414
763994
115232
207227
998388
716037
668654
144644
749912
721818
769205
5388
753218
625642
924600
849469
599837
544811
357704
449995
360500
153806
26421
585274
784148
154111
312984
635472
474842
647836
592485
200460
926034
221921
407686
924422
937957
590544
583270
687870
826566
866679
207462
93990
6526
132062
943458
606362
191078
301162
56357
65782
454968
82778
651055
753320
751092
964038
902997
740138
126079
495482
940597
52114
717402
862487
490740
655360
967236
74011
857434
793802
454894
64896
887791
461420
711162
345454
67782
416444
160821
124139
482225
129993
721120
133280
883312
472212
611523
786309
726554
737601
281791
181356
303919
513398
43843
794659
682962
11079
382874
54601
319086
837767
633700
206877
299187
344862
552331
366969
761305
227356
5312
757734
357348
726431
891014
240660
712847
16742
26970
439401
754342
822964
620756
58262
850566
178803
367125
533528
189882
749998
102333
23172
587765
736033
230048
886952
595099
296583
768125
870609
523938
773436
628343
395490
14072
33562
636150
726918
50303
177324
166319
318850
514492
301279
891315
365059
480081
258440
412791
184167
8438
29329
207338
596202
765361
437386
997358
874664
248173
279688
745273
286316
53124
887821
196010
67195
435587
832159
794112
485890
523687
474635
318944
552384
775913
210259
431647
255995
468698
844437
440161
477135
387970
647499
587541
153331
599089
584900
542200
361466
378792
801677
161986
431916
689498
357996
13315
125086
704359
321632
125180
742251
310471
444123
294635
86385
654381
726281
856583
637283
84923
810948
114418
472893
972651
216163
140428
571740
315267
682627
447411
694059
998509
123601
640179
688007
481596
653493
327297
700160
489329
966680
442411
799800
410803
251250
400389
579388
491735
256972
216671
90862
582124
845292
77959
554776
61456
218387
640720
890926
415218
88131
584985
413727
725936
225164
615939
721736
392862
457440
421896
882190
424121
378511
196195
349128
629760
596583
928516
635699
145187
726561
949883
504684
804519
18864
566139
537110
659583
457065
466533
261919
556255
394464
987854
781418
10403
709590
688484
982047
645691
84880
406168
24202
281074
269500
168167
391862
198016
803865
273825
857407
44631
737912
362091
849150
756775
442434
900464
416359
413703
366997
192482
969957
761461
180336
265581
286068
404130
954064
268115
49821
38944
188487
74023
834222
457987
242189
226084
656002
560258
14113
27614
604889
752025
389704
968243
508800
832137
382912
439363
760045
749909
631844
730002
25575
812179
995582
311642
216310
463852
93962
780334
502795
282448
854356
851221
254639
610749
591509
424846
685212
605622
452459
804305
357647
356368
286753
380651
702709
669664
334219
462754
933777
966062
192757
959351
292447
702543
785198
22961
166395
879159
803294
183395
675811
171856
34616
444655
782604
626125
869500
467816
745951
836163
272121
617802
192531
73078
512657
409445
742742
846875
872198
676519
812938
579159
150076
619589
281703
935273
642549
962301
328637
445843
145696
518652
617698
694516
963306
914507
320641
347011
896527
580796
697379
682853
198598
889909
755930
711254
813558
498672
558130
685757
689396
885272
264916
839471
504861
60823
288949
147410
23125
131790
107457
168820
650441
239360
863335
127953
668071
698180
989167
564598
793180
686546
247451
991777
90661
517586
217237
904218
16258
289571
589975
219858
174843
369096
573533
193908
429918
862481
341317
967246
508475
962977
136067
673121
716541
513606
801073
384612
725991
790240
463415
519171
476787
225070
25154
567447
742655
242390
471665
273118
46165
575845
492975
221007
459145
580713
929118
889062
957398
270435
370514
465874
747616
20785
138995
978362
534390
940067
877178
774585
244512
340593
807961
235503
79868
833114
802949
822522
589708
788819
609844
635872
878868
102820
371083
338013
683532
300201
741279
640930
84840
111793
621008
346660
132577
760002
325022
181172
214274
202201
469961
972990
56998
277922
208493
136865
625240
525647
473592
214948
314466
83436
365024
707538
700459
250311
45551
383991
64716
786829
539126
663759
412827
674338
524624
59608
434341
849645
240779
162819
566050
710740
135809
137253
502866
858506
788321
128107
384153
261913
857258
212823
345349
736487
920360
45808
501002
965910
944003
565718
266944
997333
743681
679770
671671
268305
739378
620216
632155
494361
783035
712409
719305
433048
849661
222172
291554
637983
864482
675706
414100
235945
888528
759448
972431
808888
805256
473434
289003
263464
553356
555947
260797
297037
749921
932467
79547
489299
66889
711701
983660
849923
424110
217170
797175
787976
439341
88730
940163
818027
278640
354263
53973
167169
113712
26404
490261
433172
14042
779264
696635
81602
849415
471636
378639
599336
918307
458185
88636
985195
684090
586500
349323
622404
803669
146499
410380
757215
235228
350543
575242
513867
704806
143419
195240
332722
169823
685501
765893
698068
978969
976732
779670
828384
962572
672513
427720
880879
644902
30560
380280
328992
617059
729602
951395
934933
876100
875980
206353
625532
226523
781594
653604
445533
925013
848843
778254
609040
48549
58352
821312
541722
549288
600982
884310
511860
787699
312031
906944
432601
856794
287224
761592
988058
16826
227193
922991
407131
103173
129344
32663
843899
425142
200471
289433
864359
563519
67687
987603
612067
640243
808916
667994
189531
924102
552304
701391
711802
378539
122540
144403
235334
409763
420200
223392
940792
161597
660587
347923
264769
789930
894790
622872
729276
95261
912304
593636
658779
494196
581239
785051
134439
904359
967249
838173
828462
519553
53769
54469
412297
176308
198871
647630
586070
133275
385226
41068
294871
45813
388990
73844
349947
797984
696716
593427
609020
187063
66229
617420
282507
851279
266063
701070
818528
104237
529532
852286
158005
584000
264583
848517
297076
426417
948791
430350
325847
989858
725221
885863
893053
313269
750014
691037
9985
343441
98487
133210
530504
164716
264834
327215
530199
530897
28285
862932
149338
72022
229423
821546
170226
8210
670063
467301
948830
618855
411856
274677
122918
651281
160540
15971
964549
910553
221213
974534
253994
319699
621948
298702
998618
886781
140121
43023
417678
168406
420159
567015
754631
163786
902766
924856
171995
572829
906362
120825
705888
318218
395501
828806
969498
70245
358981
934047
980797
580193
422786
748995
414097
44734
561902
926919
931515
702022
484146
863397
384632
904304
944617
139263
847383
64120
754288
420212
970481
875112
640305
288699
784817
469111
772401
855061
828091
706448
350063
922489
129235
613263
850790
688172
175165
777709
133892
877186
261856
997289
261819
680364
456111
915285
262659
303494
493609
16947
237910
464090
892059
878214
266993
191081
861529
553598
46143
203826
260047
910409
126315
903485
523672
977104
105862
213041
269018
239754
90228
45078
237043
866250
725442
693153
781535
988100
510851
275145
5047
262965
253439
411310
141180
34637
602391
516913
588234
162738
720738
362485
587351
361257
780174
625228
852565
886036
838268
121584
125790
442700
680865
877036
308950
406307
84394
604690
908611
595244
394039
427863
858208
161682
839172
513592
710522
955767
544710
298757
632709
265448
175446
734265
140910
955620
359493
993474
841656
197761
629262
967445
640461
310128
844481
463615
230639
443079
582509
139251
38323
490752
567113
410735
652434
920489
438532
362956
390462
983241
175917
537375
762893
351363
271640
418007
821187
631132
411482
662843
343098
554948
144493
497763
379280
503178
475582
609919
946256
58092
263374
498783
63048
830486
909517
715481
265180
862253
592642
655641
359699
282763
193017
636797
148330
978860
54804
969516
609993
980489
632359
467295
535438
776851
965057
914717
794233
440639
38841
740489
12935
302214
239272
75983
646904
662994
791463
912084
39452
898309
81930
399151
181073
789150
550152
329402
768011
604955
813123
892208
585445
445482
359503
635087
736538
324560
64009
530771
279403
102850
785465
292338
919267
538941
368320
566172
201935
673987
992460
755591
572297
74390
154742
267574
377745
704893
111180
145756
824052
924302
552168
923701
883989
911670
72993
620527
750434
137002
665502
29837
754055
965171
322174
187527
504113
690493
753698
220252
878685
746158
975842
450982
334753
644788
232760
712497
863885
343939
372457
687938
782446
438829
125844
666435
864703
198837
801166
615137
850042
980872
159178
118302
946044
995556
305828
964361
573731
184613
78939
319889
674660
44125
168846
319448
276884
395547
183334
135028
282208
385476
431678
721036
511319
98113
585739
224360
413483
715080
74402
908559
874258
706907
368808
384019
12736
333169
584272
586466
31987
663211
420559
706646
707335
103610
26094
498424
499156
723631
633451
781364
109107
579333
16605
134631
191650
602344
358990
605132
831628
947596
27896
220091
654503
396704
604109
181443
729872
188382
282113
276063
365797
216877
982708
73132
320486
523007
85760
333846
760842
233415
629414
869949
812747
646019
518784
4397
762567
877773
123733
594195
339574
151629
814286
994077
548332
418395
175520
792408
120981
971837
68472
486777
188714
565384
74114
509199
88391
159873
843044
849233
393288
472459
233387
206035
632682
752170
724636
395249
144148
848368
503648
483722
999996
317934
992003
548328
250534
681727
854941
371514
653564
923412
858291
842277
488796
932404
351476
91392
92277
708725
454829
999768
695388
688215
205804
328070
954589
930439
237523
612941
293012
741170
96663
293009
573309
88666
355541
823842
770393
210482
709560
423957
648098
567851
780439
651099
14460
646119
742490
620941
354844
197319
620709
564436
399738
340717
406710
868531
785360
644232
481472
78373
899607
578135
885585
472916
181005
755330
810962
465602
480017
520522
403764
128115
602578
184203
293418
617037
830321
35908
237978
699370
747430
372892
778010
661372
713608
184721
529903
13174
343157
11376
91546
756968
103715
491335
229884
284719
246665
555050
264526
726681
75573
668289
369001
678150
366696
662418
809391
711221
212531
47370
924795
959960
934465
702806
621333
162278
401731
151236
175451
259092
676815
781200
16061
780529
272535
760148
579453
33405
315199
843978
274290
390771
26472
643290
583125
393167
819913
392516
618592
32444
954089
543388
506608
888554
760398
642145
50833
162129
793381
226283
935424
984400
521688
951484
764930
308427
711633
858587
341831
26832
216770
616121
931806
243241
773615
514931
150612
593528
907446
769203
140176
861536
826795
646784
264295
101398
288929
315127
263526
596514
55615
713155
580915
577302
664639
860049
885728
376272
718636
741764
917307
935405
357885
849113
692850
645704
878248
843461
239233
299900
126869
893612
675640
467869
540396
939934
569266
343530
769266
346997
940043
824880
60152
35163
916386
238995
895211
316319
615267
128052
58083
46779
577661
930171
410097
784715
575876
288345
142381
329313
102449
269250
222925
778088
251323
763321
232228
334793
106851
1494
681789
561098
340578
256145
596261
771168
495140
5677
87487
624611
647933
659774
671389
739798
589945
595690
524514
680025
398240
666894
9338
500688
450348
746467
278777
701670
509788
25209
36464
130843
26702
232457
206145
881483
488602
316610
652651
497946
836491
740137
122557
484424
914115
308150
224222
504061
903840
748735
698290
302080
929834
707628
316972
380182
968299
109953
81853
992291
135161
632520
123134
676066
379181
843482
557549
381987
160093
210200
879932
996583
464542
516693
995211
378657
339048
733637
396922
757092
482373
95213
573376
926411
317045
890347
306593
285344
301
902649
277635
135461
49374
914972
811527
428555
272659
883280
810541
946955
93481
204679
943538
72227
721371
452954
965087
574623
186592
362010
331715
183169
971426
905090
109580
802675
795438
416172
602223
309943
833026
394062
959607
882399
309034
771134
310954
95897
168620
635700
42853
840378
500595
848530
75954
953549
813617
650577
140141
689831
496496
837513
175462
401587
947092
978136
711229
877468
580359
21172
710494
974420
980778
107099
797658
266118
418052
407760
434737
567956
450612
211041
408334
951206
573775
998492
418960
901596
163274
559100
591428
659769
910817
766889
575560
857909
745026
286789
735378
839589
307960
960076
328215
288739
67175
640077
69061
999431
47837
503797
567387
12653
229042
489926
963859
802816
2623
382819
704412
165896
456124
810044
339869
366941
576934
915429
739055
836164
202218
988637
189958
24383
462918
32377
827325
530093
672454
896385
43729
234495
914386
125320
247148
143428
615245
725211
460448
132072
622234
679064
812171
592562
489109
152041
959503
580247
67470
212763
930615
783891
201400
634777
808273
664317
667154
635598
708614
853812
531983
752342
88307
960573
391867
849658
104001
521316
574869
78653
653388
197104
271922
465559
789665
761030
617599
263373
855481
199273
990339
300301
983164
191739
935077
305642
370261
602231
941240
593079
456043
987427
859626
58555
948001
251493
908212
566206
772808
997286
159064
426196
194390
430985
405960
498259
706219
537763
275837
561700
737036
266176
862000
234405
972119
311282
540046
342380
913513
995490
449663
883760
497123
309289
456519
445124
560781
364732
525534
333590
876222
684597
273990
70612
629786
194154
83075
336005
731917
873115
411909
983157
139292
788113
731766
111411
99396
786016
967994
527113
781507
417657
410873
278630
241151
867392
237958
801931
746328
277696
649725
622550
476498
437920
207366
106284
146278
804644
442289
878194
677760
854197
375556
331256
642311
621526
956870
741706
407543
439069
783023
189050
370930
193896
981883
612080
575492
734045
414012
836024
11741
577941
972778
488238
15861
180144
108727
162139
498993
551015
554537
176753
919416
444298
22213
75932
65824
979082
331842
473366
418151
114865
176620
789080
822965
672707
915365
912661
406752
329377
748686
932697
421522
721464
935139
951587
415813
43866
627930
914805
109085
182467
605762
542706
140969
142179
132842
720997
121261
464684
708567
53616
93753
885187
356900
916717
72099
272265
829379
993055
115846
578065
925752
537368
813733
375096
488955
743750
933166
631089
658555
556455
327760
778521
99161
468729
920699
232003
189726
556164
210891
898292
123984
304643
297684
480884
735565
369783
267353
79149
877042
383199
171418
316999
434771
985150
692094
437930
728901
139465
69019
901660
695920
396778
194387
795080
865506
629290
541287
569436
185455
266382
981933
309438
85230
279617
304526
820794
163604
571879
899942
554850
955077
71360
871848
904052
570714
563943
341982
299615
703407
411000
715480
913531
807777
909866
222817
187489
539156
764103
271129
238815
544690
253062
548253
629919
46884
852778
964917
724691
938861
864859
279542
408143
450423
151390
312195
21137
229537
654176
834956
447149
65176
550436
360680
387158
974506
583496
574646
27867
861804
359979
266682
920698
613041
814934
550617
659924
181917
29739
384615
634983
408802
178361
43126
859224
329751
355321
394565
73492
9497
743725
520640
588877
808365
395525
976034
782871
493225
64885
810738
869233
424863
77420
789931
552108
406558
854752
212032
102679
884490
110852
737661
293292
289212
780787
666720
133167
650312
61286
720863
659808
805010
755707
762889
613376
665436
738923
910451
158662
318012
721189
542099
742875
312813
332031
294983
233575
700987
21220
850458
99683
646275
588119
907178
449691
883110
573899
97063
533422
149389
817925
707435
954398
573632
470324
81979
239069
723452
992430
911934
41464
227824
454033
298543
54842
300268
107731
288416
515460
643154
138874
615142
289429
241198
522320
739119
638512
96219
836181
686139
759811
168311
393574
714210
256148
378102
310393
495216
101554
817027
921354
657222
44852
375387
955764
613897
189860
577699
416517
705319
220853
555391
834665
510281
310793
356985
763605
949304
967408
113991
635443
727219
282302
543221
955633
538449
435528
266027
547869
51286
597258
469223
708507
156314
358814
178477
770210
548673
756175
186728
768196
491233
256323
602861
515718
567115
474051
279323
30624
441459
907518
180272
682882
189820
237697
152721
242473
673224
418747
790341
724510
530209
773768
947221
686523
132582
125698
456733
195460
396078
643460
963655
401515
413987
80722
917232
495306
554772
196556
525930
510435
104074
220406
193317
808097
458102
346037
564774
131327
278988
869319
370041
809197
643087
317262
495720
289873
957164
466657
999536
867446
624322
477397
268961
38309
558118
186193
533615
112890
896952
573749
137529
515230
794154
330845
323327
252256
191087
888100
897786
470074
757419
267827
793475
914710
99294
289195
204584
570662
270057
718324
438108
894378
195721
221273
932686
268043
407465
980505
895136
304418
554254
32665
333852
348408
363510
657179
114869
554596
59484
12655
538874
331108
794686
332350
245818
408184
135749
964605
978845
405805
682930
931157
814387
392855
152430
261279
660898
74099
241784
556034
892720
796038
588699
226573
658650
466413
883751
287723
535213
457439
300378
74087
788546
609268
920640
548569
531656
56390
513174
510501
976398
710308
955862
790786
103164
622496
52065
764061
696594
808052
834299
589315
118295
937202
815887
776945
403615
213843
64668
453032
671281
879249
41324
974032
2722
961963
522601
534377
532557
35775
559082
23161
746083
514944
328151
363451
137440
380215
641716
834034
702471
476015
937553
820766
413218
753440
111916
331037
481487
690787
298274
152768
570037
339597
641004
86963
815764
163605
621340
862526
713584
180422
885686
973871
209571
213837
337322
347010
108256
979037
695248
810726
969256
632801
145697
896678
900445
257612
227716
381932
948399
40194
48905
32641
379790
689908
633807
709758
853513
255147
572284
567097
435569
457970
55173
159344
186011
392494
506353
808470
885735
715806
619197
854991
862811
279098
751670
763257
536710
493590
659393
999313
533783
708297
546158
427777
398206
179965
137535
765923
435112
224024
847224
384885
196198
902396
544228
382209
564785
190679
694829
794795
324080
549820
657607
603178
815694
935068
654092
823488
594461
653405
871475
302759
199563
299252
700964
893731
950991
981091
328843
689219
828315
227932
885416
730711
286364
267625
539805
365354
972508
234634
160149
296588
298658
331960
413970
628557
267028
68062
452045
861489
721466
323521
678452
435233
136977
379416
328965
602172
360507
172012
291391
703026
176808
433737
714716
958636
973541
80070
931144
722379
754423
741937
535241
86383
155907
163798
867615
223969
615843
729104
459639
453568
407556
409077
104749
301176
252246
221126
175887
424257
512516
878912
852609
203528
826853
567326
162165
314599
161600
607513
36978
430227
349450
572218
516610
19562
736016
384225
866063
627533
217373
833835
549293
626449
938583
364673
392899
159709
540559
331361
186430
933675
183970
904161
760528
265500
66326
589331
941304
188044
626308
371531
51698
712730
402345
585463
962950
300774
343197
829013
928306
560570
177053
991803
701223
115637
356476
608327
789549
411239
939687
490183
344914
123657
394345
619646
903361
974874
208977
844665
162918
349489
730400
728820
62220
132746
314283
25170
433519
657480
368388
361826
732254
545440
353629
947681
175281
224310
556008
964830
635548
495695
455013
494667
133557
849357
628517
551122
338437
351699
395787
501354
701187
126187
744378
277611
258932
58662
302781
206656
230346
185373
568481
962599
730812
436314
424485
906093
174828
980493
385128
810376
990392
354345
819247
638153
717907
447764
189275
56344
799462
585061
71902
500650
225453
816280
778260
998588
389146
595245
205244
619491
780617
287929
582090
25635
238448
520779
445932
413275
15477
831059
737855
5870
185404
557102
644022
417515
4867
347502
473858
804328
932562
59965
819182
672219
876244
111648
185013
265390
706892
390256
884880
1715
192390
981174
27349
430837
501953
473280
358316
517430
818543
96172
37504
518151
653273
195730
935666
658139
543231
923728
976672
989998
983692
795854
176422
859936
907501
361434
639530
128599
265895
38615
130313
458284
19789
671865
403325
35947
659349
761640
67581
477892
857811
619288
996042
25290
815017
445913
197633
358249
369642
174305
862451
867538
484364
38873
727475
391865
400307
881209
34668
180406
919824
679184
638689
453817
351049
556218
489763
10398
317858
71548
2494
689874
690835
512741
229368
20058
958653
427000
378306
842499
601305
754961
710038
599873
793833
951717
505942
708344
832926
540610
888749
266955
219794
41643
720772
85048
597860
724739
95445
429923
796287
612143
634001
1327
124884
863368
21384
597741
804572
913893
440241
405877
668854
664483
519954
976892
616200
25897
685236
963330
566506
573986
230286
300504
129833
951057
385551
727693
190001
995200
671820
986287
607343
305821
987614
732226
683393
523202
844171
487965
437096
284412
408047
105950
948894
928000
82842
79299
953896
282283
42630
520402
370473
787119
820906
500305
252381
720661
227998
442381
715861
899817
942873
323204
719842
444692
569634
403235
967893
413806
891200
404989
212422
299247
25144
675521
227247
107985
269024
181144
390267
311653
215750
760739
612976
550860
775249
865356
271522
3247
821942
987382
417269
764815
824791
137111
209507
394425
54551
177400
322435
945750
96594
49062
759201
121737
724582
986447
743925
993605
681795
648397
819463
897545
923340
946643
448405
698589
812000
234131
216041
148147
221514
147514
912961
46305
284624
636672
954933
853378
328276
791573
799128
424869
840634
72534
60810
79421
58982
804735
73026
254981
967336
406693
152526
890676
353337
115136
589266
679541
863470
319511
341892
84984
467024
254853
645492
265852
405729
114631
119231
734004
906203
432563
673078
261042
505097
248092
340462
78283
52827
927691
333263
534367
848589
999993
425044
716130
115129
528514
909875
978598
848024
251767
577787
315048
506619
737483
580899
426552
366318
214334
160556
786725
646897
347838
47767
151994
595930
902432
230276
162961
344329
77743
697328
192918
77736
122372
423252
707068
165090
333127
199872
13114
584893
777658
842365
605716
29346
937468
32268
395664
151803
707027
182389
798699
54866
744360
464897
165000
646792
209377
327960
991120
287119
539492
698242
364855
176068
121494
71923
341157
454620
271794
39513
563656
710839
159433
593002
648308
191700
502870
314315
412932
685258
113014
982001
429618
577910
147001
590615
301491
989164
581735
588609
42862
794182
467668
218929
915675
539591
74291
884500
325589
942764
438217
889245
167809
597650
996451
330321
303554
499321
644635
716485
698783
271853
698486
642606
363967
359691
233221
665457
863060
329160
254066
905921
123342
721734
639054
553222
775529
713344
437722
101118
170314
390143
504567
852326
987792
15223
182647
805551
514543
341486
36241
727531
613338
248932
370137
491509
608622
603357
156966
985886
932516
925235
891807
570063
646969
530862
123285
936702
758410
75211
552025
928723
979557
56592
781049
967350
71815
477900
287106
100562
323346
828092
946927
572277
198229
952640
695104
315790
109606
680990
762511
34842
87003
332574
196015
132069
970062
646922
890478
559477
198947
333407
539034
255538
114456
20589
841556
106561
307694
942118
440150
145245
284415
901282
231726
996848
853922
926829
312638
477733
122025
75149
512574
723231
407722
222793
855299
891988
869714
259982
451465
68661
593388
504704
838403
222049
525292
194164
328609
347191
650486
282963
492435
934901
184245
724160
931749
552372
165195
244387
30105
801423
833740
56883
524654
755666
279675
894157
647655
149390
154139
613324
747527
118028
84862
969575
157525
279026
812388
504715
929511
95351
511354
378617
793800
749718
310366
860376
914912
68958
890480
230540
416902
947362
755193
172568
741241
649350
334427
404835
317694
947751
137090
65221
579983
736155
549000
737507
15181
361388
242222
458897
970942
267780
278947
17499
662084
139323
446615
245246
29803
677155
662147
491369
946552
834714
232611
110108
169142
637445
427801
631097
7226
211080
24895
556225
462792
40075
431817
219218
498971
402759
486998
850689
195911
504496
512773
335233
951110
758018
365036
142470
934369
370609
89023
283288
603219
199130
966633
754869
141135
597730
43608
148360
323015
68502
218789
785806
622781
650605
5024
635956
567568
6226
486645
763478
510721
513622
98712
976036
785844
977951
118506
720213
348560
207528
517706
465984
920861
484339
61996
596274
778664
724559
919288
361371
943347
219299
984151
593952
738526
134312
161521
744752
620957
439203
255473
648783
52119
745713
434628
30070
864219
669045
892834
585951
186751
873022
506813
185295
93875
83013
781568
386743
807572
215061
748113
265124
434359
732264
859076
172885
866576
534801
431841
1738
488208
201519
650520
540327
947231
599352
570396
811450
782602
977434
397402
483557
850456
418419
668851
458535
450419
845278
823207
665479
593391
88332
614042
839860
461612
301132
220641
510617
732972
736582
998824
934490
387102
539151
881722
500659
623752
207377
797465
115391
118983
281022
480052
537401
949873
938586
553037
914496
298069
890448
579976
405665
492984
708222
759729
954595
9354
980369
465212
256531
716951
978241
191021
618257
31597
586947
633120
655348
308529
430585
284944
427511
711607
764995
479117
175685
703581
546358
90181
515855
436806
184361
921519
929790
892583
681248
398590
416141
175822
863802
672671
892772
356248
863692
25234
387844
964843
658354
557397
273372
88939
842340
215088
314750
607335
208409
490434
825120
754766
580615
340975
191572
764975
776698
635566
171763
457946
34157
587904
147972
412163
260575
40744
282615
638471
65978
670458
603315
238536
227855
390891
327474
584399
120183
642224
191734
328591
646862
16855
83357
227477
872033
789133
506657
648732
938903
678419
620882
973059
266323
768854
899426
41103
323802
182041
679573
903983
852499
797092
142519
594558
187984
984197
178958
308166
140626
884895
150962
787487
901749
748522
14965
287988
537655
521621
936719
476559
714244
557601
963822
980567
840659
377454
535874
164462
559494
215447
68445
926197
12540
725168
34961
714727
709365
728122
537097
364195
613017
688058
151682
28972
436581
316959
488440
716675
767882
479203
430920
325483
957230
925691
680347
334684
461565
844808
408382
191216
427457
848784
717959
152625
397949
432686
376194
126071
483988
740388
739087
172046
406275
768058
122831
87125
599221
125476
803800
367103
604678
748924
206791
76113
674615
887137
410796
650384
246150
333383
841599
187811
182167
559559
854640
580115
506449
230834
220390
990436
485427
959476
676687
891701
241740
313722
978825
355165
439197
296830
722268
558080
45754
929058
148397
234573
330400
559193
399161
90754
406780
240761
278564
103151
314524
133204
197470
820972
878242
417859
325614
363669
377335
2301
255370
133279
830226
748399
488444
269424
559434
724916
341708
119392
168179
490104
353965
498578
563501
267330
970280
508090
382099
587635
336818
515303
785104
671995
393545
202963
997608
757213
94503
514113
526787
227781
344339
789390
230429
613762
863028
469549
469674
982420
637727
473983
850589
650509
37484
117919
754044
521969
140214
136144
109604
477031
651446
894708
149026
44991
97671
660838
316408
706377
174951
357399
448363
519290
660993
678791
647256
524022
662545
116931
506442
300272
105118
871235
950781
142601
989153
219030
178774
643571
355173
288378
120603
6619
697290
783832
565813
309165
444671
396425
15543
619621
753823
463905
653115
414817
656900
300372
453043
319445
931506
473689
619717
36624
344924
84703
693428
848281
303732
872202
491853
658905
674784
126660
179728
372074
910491
259746
681238
869366
656170
696780
3193
409994
160685
656307
339015
817585
956678
306262
137030
888184
779950
270951
439012
124874
869857
132441
487359
687794
518847
979211
860903
193631
620075
40631
565704
44772
814580
246942
914137
470751
457927
917329
394949
132816
573637
248168
464605
44520
554429
601635
446909
334379
386790
885920
973456
770852
532565
460815
458646
51412
954231
319549
245042
574306
874383
810745
619077
688964
571892
533215
673919
544023
964748
68868
676838
538385
317035
141444
582905
871463
257283
544018
720046
158277
429938
693502
929128
962503
154317
901978
13915
622752
221527
258957
197059
610115
583906
330340
813283
670002
377759
487202
214025
342508
70274
890863
395097
901512
546511
492206
287180
803793
36224
962069
980366
700727
405403
942869
369248
307381
470988
992000
528908
244149
703263
653227
828055
33603
980714
12262
925566
467916
226287
782278
52394
631354
177375
953905
177865
183786
241085
981657
734213
248310
457931
714579
463241
863333
657448
832488
170715
642641
338693
213827
886789
556160
381258
229049
103968
361972
241311
29534
344092
981801
811811
396485
613155
503390
350390
305224
687175
591474
801085
421389
353988
259016
650172
817228
636554
821825
163921
321473
464466
502614
535299
865459
58774
430761
94509
162741
792732
850023
706478
136824
831824
518289
533308
959183
535884
883697
264407
737263
989375
65492
158652
343363
838711
808824
674795
989469
630649
838715
310942
609319
855533
360445
474778
428512
791205
83491
105457
583937
933513
326140
720760
844428
768272
752929
894516
651969
17336
631780
155549
597031
304636
13116
949947
113460
687910
939416
258313
40831
250359
381836
410568
610803
856614
839079
402009
940104
458741
500150
387823
784880
220911
181569
143513
989182
934498
38030
155357
466038
669809
825109
577274
974444
838225
527221
602109
40340
980841
374626
595374
745404
756462
5943
356208
127281
359226
272421
581589
332171
286775
969411
117051
507685
665185
774768
11073
599683
327002
680633
579925
996810
19947
157199
485459
372376
198624
601772
412716
179466
490603
522294
924869
761269
42441
795281
888549
401667
581906
470138
733837
868681
953754
365093
890570
618939
139861
415847
732826
466862
96480
312751
977876
630631
984154
977539
3007
182778
93517
929926
362243
98324
452221
801317
859592
494661
110803
262346
410532
692709
732483
658574
75595
200442
23667
966164
333585
677731
382012
66411
658797
992695
893366
150878
623326
877520
128417
140538
60298
736137
70464
936745
834460
36889
252267
208257
531550
363069
470602
456286
569982
717290
114860
645576
917731
138526
611741
251317
330461
507957
831931
989257
14857
725297
140135
152388
117022
782756
292925
177320
33098
877592
628269
381763
914481
880535
590019
960235
243604
60622
416521
813586
777911
531381
973366
209847
184111
585107
975367
514572
607268
807299
18034
136330
46801
158169
288717
678027
455129
95846
369551
488226
973437
997819
869988
887918
878354
974212
848153
636162
34834
264675
963952
326949
310260
937319
536795
494370
36631
512163
523146
158104
833666
541180
294433
394671
213553
583149
72698
182886
678994
442248
185316
652431
954271
569509
54555
346830
543721
902707
982992
578554
681586
461149
905502
506050
398468
956501
514625
949303
468664
551975
107407
816534
93155
401839
211206
820911
499192
798107
518001
178186
754560
703317
344821
708831
272826
399375
55662
816546
816287
552858
909304
12078
14007
814806
32333
926679
771307
546957
875982
754176
98932
497593
570710
706291
899431
296120
41407
398623
94228
559408
91013
848787
262725
950037
71823
49755
863617
641688
866300
194109
194546
289809
720390
722757
104615
752722
649436
390126
299679
39623
144302
912815
537215
229217
619106
950850
525336
174717
863677
133768
734124
954689
496759
511053
418931
568582
560807
282548
210270
941311
990860
919020
231120
711251
641777
849938
463973
805417
754269
277857
845039
412775
190672
896458
641991
323982
847308
681532
498698
710985
815299
232823
179879
826263
258080
598809
394845
333092
395562
119319
788607
386422
38339
533932
97673
194320
383870
75851
999736
652343
353707
844775
65119
544378
741233
221314
868359
102746
902845
881261
813730
232350
628288
993608
58613
886368
592418
453457
219460
502184
86980
8067
888605
125319
541998
500483
319638
440073
576333
319375
92416
444244
678354
157534
988621
933792
378848
371185
36538
795897
766650
364473
28247
394939
358081
86859
281307
464703
54520
500766
481091
141500
23037
369697
781022
79240
384384
614864
519312
474921
448443
125932
919164
641002
797670
907785
574794
690722
793174
125536
486619
559824
4213
29071
954762
876498
630133
750273
855405
684653
765243
336497
340357
788280
220398
635583
381724
604781
250447
415240
79702
213095
541171
998865
854096
338841
420855
943094
543767
728233
582834
544591
802261
587047
573661
757024
463545
203794
21502
318950
402651
786745
655446
257212
89230
390048
406999
470953
994828
657446
886192
588734
870540
941567
101804
238841
280409
522658
181935
338380
765095
764768
882970
567357
866019
970835
838585
329564
688834
860086
162719
605689
161036
332369
862901
250265
722417
784104
721217
231450
955754
121614
820184
340499
63182
921987
579339
857794
958850
761273
196174
238150
40247
593349
805506
906265
564184
158296
750034
253018
532587
426957
372912
693622
273530
750017
943887
995946
534121
179309
741601
489876
815127
75990
830374
878308
512181
409714
736102
471031
685191
446480
223386
725437
554033
543096
145908
118218
701392
895941
885439
233979
837102
258351
441805
110632
522572
385692
106579
56694
79206
362384
546569
894332
438373
376943
286845
950553
300861
537151
935789
500257
983630
159175
225694
51869
702270
885805
170086
917866
295951
569729
151845
133053
342285
593650
243685
864856
493546
864467
921549
86956
226851
982322
495492
179428
873470
782336
129981
688535
833691
65770
188792
331527
739148
928690
383395
955623
814495
67685
873489
110447
637413
539539
757703
493902
647393
1388
872963
140939
380059
308717
742099
606909
291040
237591
786336
678714
534132
430522
367249
367823
10496
556041
699349
749644
484731
82744
219472
813430
150428
92961
438081
302046
632499
195785
310152
279892
197172
183115
935035
577231
491832
677134
698344
428929
998885
975789
477265
943611
857242
845088
954106
927487
58642
217955
412218
141386
951630
739853
806017
44592
177934
108063
191295
373718
932419
471187
85095
115534
920426
176530
121570
111765
389078
932849
54898
902167
422843
532163
845778
280086
377251
314090
207573
950096
46249
133996
91482
997879
873848
411704
556675
565986
519766
747969
453909
452185
733360
53208
81924
653786
743941
717697
279755
133019
650547
334653
549391
73390
866815
909373
353475
758270
737667
561048
708366
298121
209248
314053
296000
83096
725756
852674
163286
759726
114848
617194
726116
848208
184606
808039
16199
928546
525736
295954
575770
690487
144811
125161
763877
525830
548738
117352
798304
286406
192604
506670
584526
401851
334927
394730
999150
60683
761608
676641
334614
876455
60730
238868
992645
382973
769271
921191
422913
579429
496961
113401
724239
136326
877277
250069
685064
508833
48373
485674
215642
69247
70200
131697
404174
979133
645052
979060
740741
321693
313674
131401
129732
888607
370269
122377
271580
653744
43569
208698
233173
54734
322098
957411
191060
713579
721684
390328
222412
770056
876001
952257
353507
460405
83955
271885
439538
729006
765150
180279
50699
78824
825883
694634
481636
710356
817011
753215
364100
374784
961912
597272
429517
798214
554683
134781
25998
790571
525108
762614
74832
401109
714871
428339
375718
798825
214428
815255
527831
979577
509738
92734
572606
335622
787368
54242
560182
118584
807456
924282
493367
283574
521554
437088
595992
590442
86074
621990
381013
611181
384604
455845
526495
99475
398388
902212
412505
612815
231673
940335
592393
741410
547274
164999
591236
848846
219240
151419
967429
540900
75701
975000
338678
111459
926292
448875
216105
12366
70865
597118
623547
969672
567167
664246
69147
965554
80663
995855
92574
312335
936191
199171
567950
997669
878373
159186
846515
97613
824808
813944
152718
414713
303149
5600
526172
229441
454474
742276
241807
39543
853598
379558
9215
934969
558008
592566
900523
638670
588421
507302
465210
38817
706472
33160
550690
584846
706549
397205
196663
531358
725353
863584
946070
28502
869184
986446
772147
837862
242928
528158
391610
610730
907715
400824
545700
465723
507594
960427
618597
610220
467729
83807
163241
688406
631170
713931
273252
337720
111136
984118
383282
350694
847703
843556
893399
231092
830003
665546
583158
587135
707908
974767
197865
615623
889796
743564
595550
397390
703992
214148
7610
171721
812158
685055
374331
443329
398986
647582
781048
24326
145906
678534
375019
507813
522090
782623
253109
352093
962373
836266
939227
670282
325239
651297
800109
215035
394861
395660
612424
98853
124012
134239
784778
936169
819293
159109
893702
320896
188955
756808
981005
867488
646032
488818
389579
428655
741926
255876
391028
92397
709308
575514
417635
360605
375624
632669
269670
771283
759298
368523
409499
407741
667505
859872
741238
340818
753575
473721
175918
942529
230529
156923
324223
876560
159945
713801
819419
416075
483881
724652
508472
193189
300166
440311
67998
675789
72981
337668
961276
346483
220395
884979
754223
887899
744852
495461
742921
498427
483386
918839
955160
713914
589966
279383
104680
264116
507388
924098
680190
991269
648750
702866
698662
948916
143178
766660
138910
730362
104328
614391
76845
324722
499370
345272
726825
244222
354937
469746
256853
838322
902789
726218
552236
6961
519805
171120
271076
541398
95219
465470
532667
743968
168337
745533
207089
311514
512193
860203
41876
616520
474594
632924
455446
973963
492400
182271
732390
847336
652017
503447
685658
69011
229665
752098
75971
749470
923218
861250
805072
532641
326721
337739
790813
495057
597476
997902
806570
109670
858105
362650
240394
846903
509778
695840
335071
2178
878110
67461
363718
44332
85113
49376
627547
314777
315678
703517
578451
753100
564768
383523
285741
891488
235466
76555
386545
832942
588661
707319
456816
446766
584173
697209
807873
608155
907253
142944
124537
299569
724609
488254
343900
809721
51834
485651
638702
881715
189169
217154
634816
268141
114881
920556
159629
864551
511315
60378
211698
99976
281901
668513
60946
380278
879926
868818
502637
787180
525967
627173
600953
250576
629631
459057
574501
195669
944708
213203
77384
133877
944560
712199
402017
59442
146961
75850
438197
658275
650431
649894
758251
446536
318407
333401
341018
712537
202220
843654
499717
728186
985031
100670
492966
614662
559727
67467
324535
504435
280669
401918
152516
739434
114118
68737
313080
775282
658790
751276
433557
309221
401170
706012
269961
233781
39414
610978
946317
755837
968836
960239
998227
953867
575113
491193
82734
134840
72864
407268
153479
867736
323390
820198
607170
437507
888934
920249
726993
61929
671525
674755
371149
586899
380767
155314
820679
934384
766291
281202
690221
249332
241441
688448
203199
816553
693845
800136
465598
766708
721608
133281
148650
44999
953479
755819
996709
356618
190274
723703
418547
376003
398458
303900
477107
293429
973418
297786
227814
253914
93192
432239
503246
334632
634892
220649
151186
842941
20786
130988
123855
256598
264268
272504
301596
217747
542527
812510
88570
732800
50418
21321
623008
963079
839424
100115
256508
812842
912104
998525
66757
5297
944969
570002
339928
94066
790650
5318
937006
325640
136305
60861
96443
400573
333364
912242
132524
875891
724752
735297
122896
289374
756617
745903
252453
596042
846017
23166
923088
758122
535895
989844
277623
480864
74051
617550
89134
378906
622868
26141
218750
273377
87001
315192
673949
934569
227435
320678
810460
466391
55975
447560
755765
326797
193464
8218
437043
553685
545587
360131
826011
81483
864180
103634
76551
938230
235389
165685
831340
858256
191825
50091
645837
793029
365282
833991
727598
154669
52263
573312
724847
499823
843281
51644
207491
851498
488686
761175
911290
363022
587187
992772
227202
205025
583527
679636
440413
263416
510977
812873
455240
75272
458711
762474
954757
292702
490072
61679
961574
56540
149195
686421
556362
992475
738065
278057
358178
740955
39232
269468
103977
140623
776444
331178
859852
874176
525019
300265
137592
550200
113139
592832
625471
86054
869510
580228
378755
873786
156111
340329
930325
819509
540954
892
811984
279019
278948
684367
19975
832384
953834
638155
487211
244484
483538
347063
118660
8557
647328
256251
558756
274671
363287
698431
360724
232797
792863
739478
106584
463179
594011
551113
282688
134965
552005
94673
928188
345157
293244
462367
177541
247078
100522
664752
5766
584059
11815
124425
592615
173347
894880
665575
448017
258167
878210
808740
5169
671074
62423
625956
134253
656433
177069
416940
305603
243278
25817
233791
588435
319060
696157
280180
80343
310883
944931
600312
894942
470951
238942
1762
644297
133822
181542
92315
906192
59752
901054
911360
730825
963477
51521
379282
134115
228590
310427
439717
986071
336243
187712
574506
169508
883868
854686
764054
194752
313822
364366
603898
784772
603307
605659
429070
737128
787200
521384
157526
361157
936642
583090
606186
900119
634611
985468
34235
377405
295895
988155
363476
146342
175868
937982
315849
573940
306873
79903
282896
620694
444269
886793
405467
561780
6658
834536
813113
308062
870124
970638
669218
806766
553728
275405
221091
260873
769529
79948
70972
757684
443424
217313
933551
381406
533162
21697
202483
127269
304592
823176
85742
191386
228643
647522
198043
577383
974839
506104
961711
945477
689527
282683
13410
964931
503773
230158
740008
273302
310105
810979
545190
753528
28292
992946
649138
75658
14643
851620
717131
319234
189002
802872
510619
931848
964598
222866
509232
939437
728970
985147
399119
418497
267830
926733
897632
285807
156891
637640
73313
981199
962823
618503
248933
505319
611449
898070
580977
626091
263896
812312
459529
967101
129389
970148
898949
93988
193014
922385
547629
436188
907533
460953
368889
689567
901890
266521
975374
572985
418365
48687
554184
381188
667189
803116
886507
792842
215392
981688
933137
993491
794000
392667
960592
923388
877019
373746
531580
70033
296132
593414
20426
203665
568571
389314
893231
470461
170040
382810
43446
588404
431497
111834
969592
612890
429155
370304
919937
644546
351992
853074
152242
660196
759945
627038
97789
636964
784
629369
221202
811119
736987
241627
14784
305558
145145
422220
290223
315184
333668
903588
264935
959705
387385
877825
388860
757688
311967
547610
623884
165041
214056
284080
924986
841093
381868
561950
356082
525441
297356
167201
262428
538982
696189
82190
684127
632613
372412
999310
951846
220284
417103
730986
318692
608811
83054
76380
920777
144869
700263
600022
358924
498547
39213
714222
880415
115368
70304
920060
412723
751708
696693
951705
962101
778882
150037
108919
665499
663551
574970
885782
594859
305956
913550
914766
177235
989930
349748
322103
204398
463974
195231
702945
503187
909452
97565
132759
493960
17625
545481
759873
714317
11391
721974
7405
161427
830893
672903
339183
405863
72890
934041
711818
167071
847591
140789
858509
351726
4741
694816
556124
468714
890046
773273
486105
313704
870837
618863
321868
402666
678549
81741
116984
689939
317920
638592
365571
663017
825699
704753
68880
412793
152999
294902
94068
514794
949894
952576
866520
954634
936848
937552
710121
937862
879551
95163
70930
201419
497828
749478
283160
129016
953622
601079
281812
319193
264096
107511
538150
847179
520304
205353
656285
128576
720146
606179
81153
100871
75018
242749
37719
526774
808596
262044
978840
688147
871410
49771
889566
883443
799248
686930
12459
752870
802213
294271
586267
66309
915985
638621
427692
950493
843973
598181
79070
78325
204360
674426
179195
793581
431379
731118
834559
754180
507366
813400
442327
863170
846097
262220
176623
47232
788882
443698
849444
597357
544169
429957
513343
182791
857648
978040
540968
455829
571314
133497
174393
245740
312692
482178
191324
558014
316738
945503
65380
644342
902034
444156
507512
748132
220580
198339
795363
9463
642036
159013
121024
588969
148571
397405
960822
126612
938372
930855
697925
586074
105249
457870
412970
101631
649193
970983
932572
594696
36363
576914
496730
994723
598630
759066
729507
796969
68635
738969
953209
227647
859993
653619
816615
8564
51024
291642
649379
503601
222498
347305
603879
841950
805174
16849
943580
968571
987831
876153
563267
538398
967271
574201
47326
565902
333268
776833
877075
916106
30007
344489
143753
404204
512313
474572
926972
77541
766214
576351
95346
988711
437860
699224
830661
757238
716072
288446
725809
218108
678803
803280
270711
646075
891686
832240
726181
224954
609073
117461
655264
153285
976153
799016
71693
488466
273588
998664
80212
554006
89221
175557
542717
41285
388986
887582
798523
619262
176029
38537
351575
369036
356022
622285
15111
247708
454525
255496
986865
577803
372956
642129
245292
349110
955349
316984
351780
743141
829853
431991
297148
919073
121753
354069
960357
510738
241652
273085
644204
931884
825826
995778
815124
696052
132268
830235
457964
586793
599935
444829
678800
972891
601162
438296
836205
556511
755279
702189
813856
585132
134181
111004
18410
770137
979277
978767
795079
735133
766056
439283
667017
106087
435062
482141
802138
567329
826580
260102
668326
426516
219135
861330
913611
334501
813830
264021
405216
569110
966209
219073
668446
100390
844280
686856
384731
823557
179828
179810
558690
460088
133298
739911
566175
568359
736257
368313
649892
562837
142620
832423
503557
875958
207958
931372
210460
21789
195393
615675
105103
161603
834747
773548
776196
679028
974608
160928
16790
154436
575480
614524
988238
315391
694903
70802
51648
63216
234899
128690
720039
581526
146451
595998
789483
77824
806457
325476
273216
936336
944782
949022
285289
718331
725219
478521
207144
400351
495310
875784
255292
70790
4513
243531
900385
699415
314332
466237
276835
63435
594926
996874
644960
255582
107077
434444
333405
913533
274124
364074
218907
584052
649362
451442
309271
127883
658585
223826
137398
48574
993321
208187
53086
236852
622776
752500
65389
89014
29336
128823
683939
540414
453725
647490
722431
787129
75228
510759
422159
439301
243870
6211
602868
695311
829685
244955
868101
567715
382352
916674
561036
104744
969760
797888
727519
236465
377481
816532
780004
20508
14677
320418
468401
967907
545130
769735
557339
570094
191894
510845
813963
712308
113713
509275
56198
358667
377376
623912
741019
808254
184948
845762
292219
497040
87486
528684
874520
904018
308688
409233
432899
629106
231932
901299
111218
777062
185239
182762
347156
377132
693606
