818363
853104
44948
364518
83960
621471
305524
194616
85712
332308
123409
379952
979589
373999
859844
811695
91149
276692
169597
671993
740326
449950
454196
394431
976085
226314
202916
963514
74803
826799
573102
407370
194109
618049
286092
278068
753724
105820
472683
839435
952331
110296
733591
931920
484294
107640
257821
575442
384332
941621
761639
124658
391572
215836
33293
881861
956353
750412
845375
545360
577212
932681
952729
285525
64935
753026
563592
332863
858845
550479
172298
811177
174979
420093
257302
659273
527732
29327
748919
426268
970948
510559
65130
876724
240599
612626
758585
711156
363039
118165
256517
454455
565050
723450
739979
629984
990680
817775
962846
849526
882458
649348
174908
57437
583645
946413
230914
625581
975740
979833
51850
946688
4597
116979
337617
759399
729605
96202
984759
606848
728570
241276
61303
293620
478931
315486
923603
983815
133261
400654
833341
15719
50002
522453
73155
147851
468867
818273
773431
444607
312311
339485
905499
316907
970668
243116
590510
214478
853521
575269
821325
582091
330750
882627
875710
323885
198113
313518
307700
845577
714171
655246
861295
278377
177699
448654
426227
160770
781131
713862
605376
93442
53348
25080
924552
24016
782399
515062
238493
635920
604536
59818
218011
935285
456649
607925
773374
168966
921442
81074
14543
635613
736319
390042
913989
428223
352900
854420
588992
134032
568283
708573
227473
135835
247857
152026
159850
30257
181292
912546
666176
785827
486568
398392
235317
943216
6317
8691
112182
927759
89765
640928
77577
340288
30970
505771
282715
383869
360191
385912
32105
442678
94485
259578
578512
856545
925807
252566
886801
107099
679316
67183
407131
165884
465574
642447
109100
986094
651138
735485
913853
255107
376413
991430
109599
921586
11406
392314
819660
885800
292430
851764
328479
901118
625546
421195
757663
551353
187966
644465
172657
867281
225852
579787
33166
691425
736438
656469
677519
387576
391955
105578
156887
282572
611212
266486
204159
622617
173004
23819
508417
979637
389787
351100
880755
15334
286500
638418
80891
474465
797087
767751
341746
22939
861742
889115
228568
598181
545585
420292
499961
451744
525869
171053
734315
651285
437538
452678
788106
124746
990700
296523
104383
894692
161828
499342
424230
448327
137760
19325
436996
934847
787076
778741
471990
163023
182062
700558
275408
241851
120850
775369
693594
160923
946421
942113
812207
898163
394792
600313
537113
899696
411040
155700
794388
572867
655041
218618
535398
307005
237943
972393
241852
539223
265340
228047
702245
447401
928604
977653
689251
49454
267227
897049
724580
727852
839162
536787
140220
748158
651304
191537
647855
62344
347236
956447
149416
516481
175066
684813
823485
927212
171412
579542
466435
436751
807588
682884
398356
736192
174742
601811
299850
441968
498860
24430
684024
852226
75421
824243
600385
726724
529984
762444
789067
877219
233096
452687
393700
408161
137501
731390
849577
308912
310932
316012
259867
118520
513101
658222
854711
687842
260033
668765
644015
273097
207399
328039
639527
282819
666487
754116
9543
196471
516560
312814
587895
263861
279706
495799
672021
417206
227189
35804
240322
538120
866019
14393
656639
379120
672614
25555
66963
446851
208524
225182
234152
415922
67425
873678
212945
733911
627795
736691
444587
658559
563710
546686
922419
843415
42485
108646
260621
783878
144449
15147
321998
10468
29539
492842
389588
216357
32601
970754
177412
241125
710140
411563
171251
777564
285241
384196
25681
913035
120887
470267
85800
684596
531157
8219
528011
87846
116864
302836
871723
261312
832186
707926
785984
375929
200768
689776
592285
747572
174735
769696
502901
884874
181259
674152
662438
980704
572552
688118
407944
207643
672589
493743
892239
203746
16167
934454
291592
133030
751495
908546
583681
385445
208735
473815
586212
898510
66100
847989
73245
350001
350890
958118
45464
25042
134761
540372
111798
822879
948316
319441
9673
956263
211680
213419
972429
660338
19215
105460
411833
696733
528210
509719
596383
736944
983533
696799
149659
563837
544788
222903
428042
895678
695225
473506
434924
829985
13878
546722
167069
476398
866162
176742
432662
592046
904364
405091
252384
437783
24755
178422
134516
67169
202345
245103
804112
700082
941902
467975
778123
486690
205082
206166
382368
900306
679671
331497
244497
207753
878218
411565
684151
258585
102511
116813
850630
6875
36108
617218
444657
60863
309844
93378
642235
512188
338480
960552
726474
280382
428527
504598
281277
633609
710763
177849
533915
904638
509345
292616
112391
387563
218386
310746
646147
320896
941762
10982
841975
977870
628200
286632
552937
938043
894213
195172
964436
232694
155724
690910
27280
98456
195508
308556
732064
420475
486405
780183
325113
995749
72800
951708
897517
805389
776658
57869
126285
718421
68851
968259
210496
211255
769096
277637
149298
663309
472808
627938
410207
142737
318849
437487
241192
28561
746042
487460
449036
746651
267643
288353
742401
854646
754265
154123
660035
530924
211991
300525
763549
795045
782988
974044
6300
552084
251681
669802
729598
238693
297740
139805
895633
616588
91496
651029
159354
837538
138489
122594
98394
920336
410946
354999
774982
679416
509121
949222
724544
249747
2298
30362
32735
490546
550866
99024
256431
220668
342826
495123
518407
482630
904961
649200
574126
70195
322758
925868
208684
445351
24262
643224
370501
379261
418206
49917
402586
367428
288665
637902
131379
290962
668264
678318
781507
219130
777341
37938
954001
120167
47266
986612
117001
952226
635812
205331
536625
958569
131199
259513
918124
669665
902736
288626
563130
835147
338542
965715
716779
141412
603618
848158
432373
786086
526476
213881
519420
303817
766022
473421
938187
813287
460033
55188
279718
610050
260519
816343
82824
905921
590060
949
575586
492797
803778
138716
327944
142320
618636
44723
797935
222254
407085
230309
8340
933560
958393
41964
751581
238620
515384
203973
51908
489621
773365
845829
613875
548088
176377
696699
454009
766437
211852
543800
773438
15630
196720
101382
672153
815355
660308
470089
37609
67394
214602
560152
515158
687199
602115
266740
925818
631703
470712
491930
121325
244077
337760
735199
306369
28341
946102
760378
794777
672158
818382
568215
201992
15102
183801
388350
830457
358314
372643
382270
939911
587244
456627
455069
788647
572946
236013
714465
204650
220930
206396
325974
465006
58360
575377
285580
86700
35685
45958
881477
222047
864339
963896
424039
393645
661902
812388
738306
20216
185031
634781
960126
286479
91408
415195
75126
664353
651208
303795
869002
872137
510190
709180
851347
82754
798762
136927
169454
348651
697088
565135
570697
75632
43236
994735
469277
705137
321328
721787
725352
506358
356568
199683
307041
447975
129083
896370
626533
294495
200166
495535
680836
224560
718920
46388
307314
31887
183315
476767
380537
394607
556106
951233
984443
599341
945969
453720
304479
267297
689711
544035
287860
46280
743718
109105
8459
872800
5476
634991
167295
205641
644731
362335
944404
363651
408722
251718
395537
106241
242689
776073
500848
798794
727306
485291
398136
187480
453215
216819
968981
142926
275058
256841
703409
18776
365945
711868
405780
885624
346859
87279
91265
991589
449613
549874
869444
858335
801591
264981
964575
44281
555258
979627
357279
796769
979122
269619
984248
432337
642
953229
89468
275700
724274
792876
294475
604424
18949
214460
490048
365808
815942
95518
871601
265556
645391
741046
638095
961186
6027
116875
519671
75490
96503
876950
872258
75625
660773
370711
22167
661415
323941
625838
937114
562419
932918
745793
166843
951867
474457
171096
831879
290400
266613
703480
70160
426208
444526
222459
387394
964757
339333
907065
40247
950039
298220
426709
25665
473197
797419
562035
134612
121360
187873
585930
197984
120791
845928
879030
586862
320385
50126
418741
124989
830942
122222
195148
257150
566747
417606
158749
45709
271144
580018
85955
221183
392442
512663
761051
865638
310083
323086
251
945646
25163
100385
657834
660158
946312
536865
247020
266698
586990
665761
391686
417933
302187
101039
189287
383138
518644
862239
428847
303992
956461
29006
525175
348903
541669
286226
214542
365956
123517
728996
825806
148679
343585
483641
808836
289898
20506
570061
70800
121700
235822
462485
53837
52213
77728
757328
435350
596372
619567
864196
414568
576029
893202
939742
439136
949075
740173
167882
829235
863689
411082
12368
754667
652886
335409
44565
673391
905469
115364
309296
655495
92053
363132
707707
169781
120460
657261
280357
254232
521458
694924
344465
928864
148872
783600
392144
889044
951482
221379
752733
876768
876419
279305
631435
43511
614713
675999
231106
34387
305567
540401
689881
397620
903533
911792
81605
538197
569054
361961
306633
604716
571089
651097
533580
719960
948902
439928
609004
414589
661306
875941
291357
51930
155247
922792
95440
284164
112996
326546
318551
418563
381151
522636
330387
798888
434429
411991
337086
517687
288156
157923
122403
373449
323225
170187
93410
272127
610114
216618
686715
785624
92560
492276
837553
762010
415068
447198
46174
42269
287948
878928
460831
669098
401565
305422
467987
350198
231617
319277
867884
33977
477199
504491
407425
800423
674677
500834
586754
798995
231657
787673
584619
324216
279950
422172
600430
209222
383574
160808
765694
671521
39737
226525
854824
955505
46151
322811
305703
277767
156292
687791
311743
147695
192282
233373
948118
866958
734206
49077
665953
480067
836750
250572
318487
630904
186948
918916
354330
84727
79725
120025
756247
119461
860753
611071
74966
906904
448086
894872
698875
604377
582663
524823
752072
774944
758195
214395
156107
6606
263471
822059
486673
614425
586835
805159
759533
287987
238281
113864
372713
318005
233888
128961
437465
608845
254236
26635
29954
216527
921506
728829
820903
18374
767856
87180
793317
40256
301574
949423
46861
79250
285687
47738
207879
872521
367102
967412
674712
605382
595480
47426
923386
343572
690590
875055
952416
459030
415894
982370
675556
851604
225404
496460
869977
993259
97844
177499
33515
913622
641126
594579
992871
926812
156522
714954
313538
523623
196571
988249
129005
792050
549879
52391
135622
240469
441650
602243
699499
857543
98818
375055
709147
324221
385719
93329
831684
483563
270827
865198
911389
911952
973981
418465
352969
130503
133419
180711
654125
329990
168960
297334
636244
233044
349724
286071
473512
305578
888313
173011
677325
987130
62271
386472
311351
962193
994004
657239
445756
264831
522437
871349
690987
10623
289814
558160
141126
423233
738870
309455
267427
422035
606789
903670
655078
470717
189741
128590
776295
592258
815805
453620
579388
878075
354297
404943
840268
348301
62182
800229
127337
98823
671578
332528
623650
475597
890688
764775
898829
629558
74230
166256
565797
195223
584130
220875
665940
773871
863669
956439
880333
193679
924263
973926
585958
278560
378869
940430
141066
955255
254864
782606
568282
440647
115134
191932
916243
5822
470911
815072
149585
59346
495532
715381
254568
79662
450461
434712
367737
828334
391151
248071
22013
315415
221997
607970
108179
115070
548400
763448
584529
317469
546054
152812
758115
661188
858947
674358
181214
329859
489430
330798
903408
499166
560384
157976
578827
525049
106893
946564
353383
498043
194635
375395
327662
930835
497569
950045
45905
560173
713493
630434
877641
773752
297450
635756
434940
156397
310114
616153
460
313748
461156
903867
812913
535744
576048
905945
60793
682940
852509
414175
695187
561348
303774
537054
492183
801342
487099
52292
875719
714796
682725
753361
488548
980174
903321
437692
650776
213436
568050
651235
41388
29206
69308
854301
564949
645355
760246
625741
842499
126960
554120
537686
202512
857893
74740
208899
173440
76043
261190
49159
305044
943915
316724
307796
438294
220046
745488
89070
947685
827742
254510
989072
856947
323817
357578
936100
969171
117824
76046
325875
758987
144370
863560
961498
2263
452505
170397
689906
42752
945791
253269
347795
889706
569993
169796
842204
304243
915283
931274
251928
743025
185784
241000
114177
509600
598578
564481
992975
230606
154731
833054
503798
299100
696614
979500
815566
663323
664102
505472
220280
609893
758740
82279
13804
842937
252074
856007
147180
681561
787281
399107
938790
487269
154312
567171
511073
752889
131652
18253
497699
286382
851306
1497
585481
62126
980997
915251
725448
645099
420723
459932
769196
693668
542211
782999
536605
794284
639006
197990
475846
426288
597096
414636
427761
751407
981807
938834
18501
627663
957086
516200
428250
808393
31901
527935
870518
527102
443187
110171
686405
863909
570103
455601
71782
626518
238600
122592
420802
877606
320581
410852
818098
917676
339693
245859
183289
835704
698897
201789
463367
655984
232193
405821
978581
264094
933756
363304
305400
376943
987678
991805
755056
71986
447406
341043
698503
200211
463634
119306
592021
784214
44362
410119
216095
384054
170182
399383
219758
869079
115377
197330
39268
347569
603150
17849
125867
51111
381152
431267
428053
368830
937276
697314
440816
384682
38357
653523
99097
501990
772828
691117
800408
331395
615440
16503
715448
785622
415886
449411
168906
45467
160945
208173
907239
278299
740225
33107
329410
121377
978577
271667
4411
915853
483185
959430
814739
521541
612954
913836
537735
899986
604953
338143
231381
220394
868850
461034
520220
798940
910444
689125
844406
585593
411502
751645
863891
151727
298956
707505
787307
277533
493377
791717
707590
976561
265353
522330
12308
392511
950370
550042
292497
69528
402390
523878
804125
271240
984911
838549
70180
409560
527674
914585
509357
453380
180435
373248
605106
479391
594958
392413
271128
88335
698335
978718
579100
477892
15253
591407
870402
479827
655654
162899
63559
58044
200981
867684
843487
700096
706233
913666
623860
748112
342456
133217
201492
37095
20670
320803
516485
615627
227420
301818
218166
439959
280536
797265
917850
809992
902877
788252
289819
558531
465356
353377
130779
666336
735265
974265
880637
955703
402136
504497
703815
744591
637714
419511
295890
658383
254518
326580
788214
996142
628397
6380
436101
908932
317849
353952
233129
220726
656408
37152
293461
121764
904732
424239
302305
639998
398504
182942
595701
800639
687438
813720
59435
839356
747435
355325
11944
516158
681904
800157
512300
310301
320741
948400
733437
152795
816556
480770
887724
472965
517921
181186
108933
422653
605424
411237
62651
3929
594178
172556
804567
795821
500480
378207
149382
762120
733531
161326
278278
929639
475687
304782
754144
310633
253182
487581
463427
69739
968350
351151
56908
476
532336
165840
423128
137761
577077
999983
141689
685459
686743
460460
995484
701428
838666
144867
463548
86402
306192
256030
16041
296083
560811
770184
606715
328197
771969
70142
912139
254524
421293
969046
254999
467833
649091
192332
605593
226168
192315
261486
425831
393262
236151
421316
94690
74817
566182
72442
675423
386578
328471
691463
682660
403486
975852
289376
731683
747821
873721
643822
516550
809218
127074
771548
277052
776164
963879
396849
516536
670398
658335
942366
577865
894485
363682
186759
483506
444068
259201
158929
830645
101876
364597
27511
505362
340449
831090
751249
602474
704811
909275
119024
514030
36349
404777
791081
326717
882860
187930
843252
67464
360469
785619
645328
769158
663505
832086
766869
621778
605491
440002
966627
707367
804598
994137
726933
659251
825227
478182
775930
44244
387457
409158
72478
938010
813934
863558
264727
696795
565692
107980
764258
440366
407803
923790
209524
585512
270081
976392
207290
875572
416395
173918
582939
735197
682259
309872
908653
21692
302258
684583
65935
689714
93741
138412
627724
421880
516174
406656
118675
596070
28840
397137
36436
950846
835131
760164
536358
105212
250761
257853
494988
181360
945974
592131
916557
628233
416207
825210
649924
718464
23998
715858
922383
631942
368474
64312
53822
884647
470967
686700
480718
499806
83837
31358
450652
433172
791521
501215
538384
556487
759067
547576
737846
219246
139708
168608
847478
555914
508022
497403
788583
532019
727465
710966
163962
95940
775277
731987
494791
760449
418688
489713
260255
16729
521071
225112
449901
826796
240531
502489
383283
513802
50065
635334
733047
189772
803941
580525
259891
826168
592132
48474
358187
319598
273644
36353
929741
48921
282545
424532
323574
701232
914245
98034
717960
949520
837349
167861
776316
77880
184554
673804
105886
234619
309138
838932
938594
627283
933661
712689
453451
525794
275367
325843
359596
549010
876399
803541
112136
158944
228073
435709
860175
656522
533742
92341
606042
371091
774405
382359
963174
958959
570367
69060
193578
393709
907991
646376
20992
355858
359066
988647
395856
148637
314490
269656
697647
190889
73197
323987
864037
301269
759695
724212
957791
807642
816552
78038
692937
590958
460396
656112
64122
544967
725171
257699
938675
147368
418279
473872
503225
291549
462519
413285
440186
777008
652037
482101
756136
976023
346138
571609
249923
584555
529400
57565
915311
121643
750502
20474
96243
920818
84595
641210
645989
856497
579885
307561
788981
53757
324990
80530
516275
738274
34920
807487
421214
686956
803793
691554
177184
664135
263164
427107
762894
306768
998875
678206
428410
263582
212884
524653
184400
811683
165863
344594
668180
259952
166359
971365
827913
491349
51896
344188
743827
601019
665880
679246
802180
983877
370800
979363
162217
633963
920674
925111
940731
919550
117522
883345
697336
330405
407998
395941
142088
88065
254739
324473
348017
421097
295838
175930
912445
861937
34322
170478
462957
214406
849723
265137
712487
220523
758704
874704
368691
679379
799815
823626
113134
917336
706971
810469
761945
629174
720614
418238
717238
975352
742710
579459
396450
552752
269593
823099
928894
818119
993576
906055
32525
843299
685396
745012
578027
444100
133921
946717
637683
933735
770343
750816
365276
477314
75491
127221
620692
796104
59663
852135
771457
316577
431594
682111
869329
701187
505210
312428
33511
12992
218483
66035
856290
418083
325251
434317
862182
459171
895238
14071
907110
665581
764886
272386
657100
354581
913811
277792
150686
973473
129927
436347
804255
75726
632662
187789
291117
137872
500216
324627
150863
232903
904865
521358
650985
230117
469879
27372
203492
365118
41442
624807
30699
806328
897192
202003
160909
325208
993999
825798
812886
123926
776349
617141
713855
409011
804929
4972
61088
819349
329598
726154
52252
234464
247512
217441
978784
231596
244812
696480
596713
286254
321287
141616
606786
732684
857823
281899
57892
851822
621902
384982
975747
398251
516327
203808
807262
321256
208779
382554
654809
52582
108708
707060
801249
356220
924500
780033
102020
683517
476513
698732
483975
797800
354552
90761
530484
212375
886863
102580
64197
22970
1767
554149
421221
518093
757956
742687
353554
480939
125241
8363
533520
233948
229628
334769
104372
154128
629006
206391
351849
619724
419327
835823
931728
773879
440788
462212
500458
841856
78996
564655
864825
80762
633008
800250
598855
905168
542937
466613
386107
182382
474975
919627
930534
704602
768600
34906
372935
911811
755501
724783
531535
689032
74812
463263
462911
515599
439679
477574
357455
32879
556433
736485
113641
189441
536735
226700
94609
79673
693312
994919
776258
168287
428751
706792
387094
197352
255903
760028
109163
525608
999015
154902
214640
73827
618164
191756
103631
572047
669329
975289
604925
225762
711774
718565
929406
248510
459469
538219
842386
666985
533138
132849
835272
961889
839641
736570
673445
609748
10803
296812
649560
9818
451713
864199
597849
584081
55955
215684
156128
239488
190973
761052
979453
902747
993822
908859
665461
453291
961282
22052
120277
494421
154900
469753
970514
508745
720527
643959
632697
731329
940770
282257
255351
906687
146457
853199
490768
716615
68883
646895
470308
774060
922151
449761
191012
915973
872825
856472
883469
834107
392728
517950
842732
547627
987702
813246
56373
708229
971409
689069
953762
426384
485531
209113
333071
631987
576517
823838
862806
645399
984937
847318
933663
421294
811284
124675
337267
684109
495351
220736
32421
888078
252890
389358
435706
240592
716808
6283
463025
688218
209556
930991
114602
695086
140105
447673
841277
716621
785715
218289
876224
284858
65607
809888
706151
876890
448767
557622
75204
944118
292563
621829
832196
545452
525391
782106
786044
242199
302593
763273
930416
26354
694265
559223
721439
348574
521100
76922
579399
821019
295210
455623
105877
875020
779715
812027
266116
228483
883854
341319
686805
176417
477352
33206
721868
2743
329517
507912
759146
632109
785390
203767
658462
993859
762989
894106
856637
284089
485232
436036
105109
780441
405863
725189
169666
699783
51422
435781
928265
935275
291305
129275
111692
768656
162480
833559
285604
491996
855676
44750
638310
155271
248516
810976
149130
525710
219287
5767
324003
704518
956006
943315
484959
361869
668505
168830
61652
234131
604610
504121
169406
895914
147600
281097
178776
310080
628860
464379
316280
484536
23333
468794
154011
271848
279771
303140
311762
13262
823110
635765
717780
779116
579080
716943
655190
247585
885772
716841
481715
490383
735167
165325
900501
882766
960625
79277
707050
589486
543655
537535
588226
566987
6329
742237
353040
800303
559581
664801
813565
896896
300566
45550
676012
393851
762492
845406
155640
648265
76453
637355
652852
811619
316884
553353
208590
277510
632630
915640
381200
690489
453175
483630
771681
973707
225867
638925
288216
299653
303726
101781
196549
118497
147330
386765
26552
424026
232172
182191
72291
308624
333750
239347
634447
650634
792700
843036
442348
939534
272881
823547
630023
240260
307177
401704
213968
47249
40629
16388
861105
858559
118168
57654
491260
779701
958622
517811
717931
190794
700001
304427
13622
547956
543773
648068
198590
850677
5310
640937
790211
792394
978688
420235
32655
800069
336143
760826
847317
890976
777213
222627
263740
409585
280280
269204
703490
238903
787014
421421
943900
1220
725847
957522
549175
783825
119795
261969
634502
639308
417110
424714
945907
395798
359153
492766
710072
209500
253592
71594
614680
545009
294221
878419
468798
88705
661827
686492
327607
963045
622117
785712
964265
862169
257439
27645
645994
891437
803818
280496
44951
735132
219414
990857
645135
92771
483623
355207
302271
251419
426800
431155
796427
721020
823779
779429
809725
485606
465921
651536
448652
88038
437248
927121
950206
208891
468970
110405
100329
786992
905105
145279
522125
124519
650340
167260
731494
133963
522466
547969
385381
463470
979123
696012
184491
802902
475441
508420
802713
455566
674160
251365
543603
625613
692690
8015
834503
161660
118419
948652
537728
594314
470777
176452
758858
152241
907945
892820
674706
455914
278201
138176
949241
488417
836870
266349
963857
345290
69062
933627
19451
834630
991435
159268
527320
999449
993770
203184
632072
442807
151836
684005
551325
136817
860456
310184
289057
768401
717208
477967
738519
509614
616143
201965
998030
967217
468313
476093
312508
51579
409720
846162
886208
915359
519634
927732
429013
513404
130917
575290
470415
796956
259295
535945
933773
119751
360333
737034
402356
77541
215002
655079
587154
345349
857043
99390
312566
839561
575482
139278
405344
499406
985439
291553
414766
505073
733489
357983
532682
864405
933272
3097
661362
192567
53246
109340
312317
413578
846373
228877
491119
61375
398160
592477
406723
255204
206071
233494
608969
781552
372771
14313
795163
872415
820069
724133
377488
553559
82116
424374
932168
15389
941675
593530
722159
994920
702869
548681
922703
63448
777557
413822
639026
175718
520503
559954
945125
726574
793447
68299
22331
166218
596815
331698
38633
416885
570035
930325
484648
652151
354699
416816
181744
810578
524551
903902
805499
741624
452583
728202
805071
744345
656228
958302
434267
690935
518256
893596
417509
311703
961894
954044
477920
72914
285742
30758
489798
855777
961082
488650
22133
419671
718080
640564
458426
621982
960267
200050
588770
202674
519326
847319
373106
477628
795790
64041
995883
689386
995754
821790
165485
464003
813914
238398
749744
844671
242401
119726
319958
731050
141858
664148
664925
374142
304712
123351
510329
779183
837605
613303
496061
356931
460622
869166
348763
770616
447411
858850
460002
957369
680640
139691
421372
8759
378088
171117
853430
620488
805046
687592
865743
461109
351740
44873
835250
170656
168224
345579
464043
520033
958881
960103
391168
933707
343474
739930
704323
790885
112985
678529
748254
793624
818219
169627
802382
710512
854947
170017
331000
659993
857609
710947
635306
723553
755820
470557
894209
438248
330340
358252
958280
803426
832560
863652
737133
176034
603582
955661
966918
230771
148395
229378
24395
966614
913208
340981
677126
768155
25203
942352
397016
233278
577659
120569
503302
562420
528982
455754
406964
401439
928238
210390
748203
791890
461728
924236
909676
417389
405360
140447
79988
634737
679045
46602
547945
534230
237932
830304
559432
274467
772656
470652
21949
864519
105426
525250
941143
634407
495208
348108
550050
423446
558497
298253
215336
534429
736694
125012
466022
142054
265458
546010
290995
458707
106816
838939
992936
344748
183448
66574
537225
155367
849032
642650
194821
790175
791262
690028
652487
855516
113474
667974
328809
259618
404668
968024
725640
546721
747686
271650
351920
206393
892669
190859
199329
751621
374306
780106
885039
358818
317332
40406
207850
959981
235226
998025
265448
439458
650512
120965
552931
889905
788938
881739
149524
193606
363968
389368
254531
111654
175222
606450
318046
67891
311513
31580
819512
200023
811685
704551
558840
643221
259162
766690
117408
8592
278920
382855
448050
443636
18024
981
333542
806961
396925
483065
514771
760892
386637
283506
872546
561858
404160
704796
629748
229877
250580
449260
429899
576470
668016
502944
219691
441382
783838
337098
449973
576962
234158
898022
20598
766385
413208
868343
573347
810132
865612
602322
85229
252249
400033
471979
814106
804192
176776
443855
34070
941559
407319
978172
518029
589539
995320
737720
30921
779158
589022
480894
356120
337384
893120
890922
103770
306328
759265
191321
630664
624878
793642
230098
877126
707879
702076
691233
512072
393056
649292
60346
334616
56611
552722
852644
646150
548043
104569
677070
327201
693591
672168
197526
545179
79494
88448
648948
385821
847712
530690
472590
148116
760787
349717
855994
462863
40950
882270
855919
690241
456820
190535
261056
557383
421410
557585
661952
612685
398990
355543
284853
596515
414926
364346
684962
63875
264372
532675
418347
309266
519469
566462
70053
869185
936661
47120
424339
818931
417243
628784
275752
121982
404045
799498
679365
825454
357083
855521
438139
756072
211064
237197
866792
140194
115747
551754
204068
380118
598633
622415
203588
118103
703081
787844
501492
639742
834964
440036
972878
766411
583024
762834
888393
987068
562332
81963
812523
433619
937483
250662
703895
662751
2063
570687
802944
117810
636646
7013
12132
235279
143632
215720
867585
846712
3564
883282
486455
838527
323318
973537
604939
906341
736371
7537
893410
298703
89499
220138
246526
26982
985003
950420
689732
987066
521108
6881
104876
157754
13893
117007
907236
157524
332726
774822
518441
336290
172309
4896
689021
9831
978432
808164
916171
229008
329905
323786
527710
419403
58128
288440
960588
43132
238860
164525
30198
759967
171406
649277
431925
185298
766283
339162
857026
613214
628188
375467
463708
314701
894566
666933
324531
387203
475098
754906
616210
319207
592897
658124
738610
651024
946563
213403
208360
185423
377928
238557
459595
549333
402038
891519
248835
168322
744885
620065
295740
373073
995531
759447
687773
404302
426380
526508
791504
415682
281415
921918
249094
874311
580042
987703
525335
526605
201106
247900
226233
93238
486456
685827
642570
402699
577346
405610
85225
836436
25675
380964
209509
535411
654615
411487
939712
595199
937994
245422
525086
733613
167340
774179
607924
747382
761882
647464
788191
477192
895363
14424
570430
896023
700250
727204
298722
791801
132814
383946
628237
158489
279114
351950
208104
933728
277641
147816
528928
729840
393237
54014
463453
74782
828192
71378
822163
104279
233046
124559
95675
128409
138983
666104
24432
839232
907513
837358
145238
40327
735508
773474
713019
14623
639629
921122
948350
917269
583143
477278
647109
490584
45496
110563
565365
387892
696144
901732
492170
929189
26292
587845
571802
679478
768153
110438
32915
189871
947795
178153
744402
683304
465831
457421
697926
892748
160481
22730
475891
151964
184043
480679
197459
808809
46045
585351
504953
461981
591725
948346
2477
693774
34353
681954
976132
144791
714869
166003
606790
407226
910404
804298
873056
882030
16429
978516
774778
176910
515450
764873
328873
699492
759756
40536
508302
320005
140091
527459
781986
731816
990010
298667
425590
24363
980621
401722
683357
209695
81930
290148
616920
992333
94446
489976
874363
625079
982696
163346
801988
498146
442423
645065
711843
202180
685600
734349
522184
825691
776012
818374
71712
117042
497301
304590
611867
413228
502151
335766
495157
306503
952685
1695
915153
956865
390263
540232
453767
553608
342220
951912
510236
501489
177960
712415
187089
912308
748803
526984
688321
567178
598695
968547
198424
610201
787341
324495
537633
289493
660260
546994
595995
612945
548688
511148
84015
938950
51380
537781
492559
907803
3899
516999
409292
181858
229414
110586
94167
492421
151774
296692
573803
750469
779443
772226
874874
566785
96721
412507
370482
756980
959500
480681
884129
22393
991829
482349
961343
557413
20130
968106
979421
24028
485105
902917
720090
228723
527707
328461
721143
679481
625152
294947
944154
918799
581377
819028
485584
678098
745739
370270
949282
219444
850951
347617
241836
842780
829965
717383
914397
850094
199694
408023
388327
684798
310941
108417
427725
838647
436877
148869
518128
576233
958019
976486
495032
539396
795514
494821
217494
55458
865090
680981
789105
716041
28598
545146
73026
858562
262529
501628
222861
462223
909650
125392
661225
220591
748012
88951
573443
184889
237819
605775
275326
195838
582262
284563
249438
891980
779383
466932
461643
644473
662117
250748
874719
204919
795893
947744
577685
58423
963576
800545
34850
873227
440142
696074
608022
188154
785024
695669
887247
537047
301445
162573
247089
397911
447135
496527
289891
740722
477663
751533
385196
653984
516486
774119
858902
312379
721863
436587
885005
199645
751336
919854
72872
191478
130134
680893
379632
429362
376563
266879
480614
192212
943655
727702
590122
904995
738433
394217
645717
730300
659955
545117
384284
176441
319236
243186
488819
555304
193977
888029
754948
945313
322088
827819
136791
452221
22917
30627
881583
913683
811709
876401
620099
755365
604103
210221
174565
856741
604438
820281
587041
264393
365399
485530
955037
684634
728715
443856
239938
922692
846089
509090
382210
168178
336909
519000
620398
874030
63832
16186
301918
875540
892586
922017
145110
10895
646442
319674
867635
765084
654160
968880
543681
19559
454410
498718
218397
697330
456779
972539
134227
302868
481629
516436
471045
332743
549640
605648
206773
613471
136038
22895
3217
542829
944911
148326
67928
105559
982204
449767
870642
636364
418647
414324
655922
387262
913041
388523
84592
369820
361062
218818
672688
842691
249458
657937
175434
799097
263585
896410
926773
913827
919304
929989
456656
378421
592519
524583
483979
88928
974349
354621
725291
392996
768944
895417
294462
196191
283941
379053
566010
159207
112075
752902
1898
361532
410840
691535
674834
674424
102150
601607
588251
535659
45801
559111
914079
152524
83694
912262
241452
58043
781087
966742
965243
64237
376365
259705
260427
174510
152963
826436
333716
265037
579339
849818
140774
504383
541353
815607
178807
157708
931418
281263
693366
977218
840373
121650
129742
438272
33912
371193
10519
814998
852140
975761
393439
742709
749671
653865
917218
416838
994506
765138
681874
88050
614956
336852
592432
670514
152459
285443
828221
83877
80910
35792
575299
435488
157441
873759
191352
104643
884277
520554
956782
374244
428198
213696
638119
82063
130914
54957
590773
896052
251035
678822
25213
587887
785458
695726
254550
70902
38152
852631
666015
73943
427930
101503
231383
647175
489466
936938
751818
373744
971697
222805
262192
399895
436501
414515
481957
81619
469471
72731
977670
234710
265757
2884
822596
51216
212814
77147
636321
250966
929777
816540
324908
871911
918043
556291
519087
407509
493229
785109
295457
464926
7914
557648
864820
958618
486367
860982
40238
955837
447917
17908
190548
713673
534995
527348
279093
747809
118699
429618
998774
562680
246159
323682
434592
678406
394177
467883
85915
887406
767196
895576
866536
775109
967428
245562
247933
453796
106544
288170
409633
68665
114385
296542
355277
155938
89840
617290
274636
519457
130269
351521
279820
968154
300317
958225
362332
768199
558345
763942
535395
453921
144683
824708
421349
390244
72641
389349
10992
875014
313187
79656
695296
427571
890402
564777
97713
980241
696271
886553
13903
826539
238074
293723
308898
538390
766152
671229
820793
838701
949375
870392
292622
94059
209305
228176
484302
796150
617524
9499
671164
930710
603358
880664
872486
493760
959645
484403
474001
655916
370956
487904
996659
123234
295831
305558
661623
576187
976786
996620
414889
440367
867012
221715
534425
76318
449890
532931
386672
581619
542429
57836
26534
659992
452705
413224
153752
412350
897627
627753
68267
782787
629861
579130
906021
439896
884687
567644
16083
375679
78470
430971
816045
945481
166891
864674
536003
130985
397605
436879
712603
454239
8920
253342
114231
461624
666565
782186
873973
78397
409939
456444
861184
554004
35575
767205
508104
434466
849053
524187
810144
927522
469362
140394
387209
636252
5068
437416
767237
916877
874295
994044
371116
883214
761590
999550
859042
942360
781736
733015
20757
705880
703664
396145
774088
253443
677554
282193
687908
526608
320584
12258
968334
304150
152651
869747
454607
671923
307164
736048
588800
695663
730092
474120
93082
5888
473670
952123
948247
769610
199343
483208
989694
417211
879353
763783
670653
556907
560180
872766
597719
880763
885023
80259
184913
551878
950005
153724
223801
771373
889771
812600
467036
134069
800924
74322
139956
788798
26445
88203
558409
739992
571410
62308
157203
964967
826090
342061
521875
386270
214827
633798
781237
614054
714056
480355
165932
664062
634078
903937
949639
523850
230742
416676
657918
31667
5202
312078
820464
31647
400280
893077
285843
971689
955385
443045
450862
295680
785105
486941
196155
514136
120739
491596
128190
349000
971950
808326
527266
120234
226468
476905
158288
457209
407785
330410
3080
412987
642487
823544
958837
42767
230826
244680
528660
700415
687724
979521
510300
987034
466462
706454
501170
101406
712254
143565
450405
684205
951890
318643
692562
968779
476930
149771
376565
807339
152851
789551
449826
490599
262593
6797
721424
507272
49661
936044
709200
29183
446344
696234
9849
667002
711609
625458
379256
855173
75863
577665
321268
567737
896307
13830
50722
887441
677804
427286
694780
830654
731041
658810
321253
993633
179811
556882
15110
229472
492926
724309
258654
453474
934748
782706
120476
646357
408165
13936
15735
998231
591601
337002
80174
2113
865035
130895
889554
542839
558180
98539
373494
803425
271554
208951
311263
451364
765832
326372
680835
772962
564885
453693
740640
499633
236400
375320
145990
158769
389256
161724
157000
495061
12930
237173
11378
877964
368067
415136
420804
440451
513675
308502
758080
299433
517452
69343
750796
797489
909918
431632
84656
474804
399529
825296
488641
150133
714820
634631
308901
104076
310559
980105
113341
323489
731482
124719
715657
613754
539854
650665
568409
567733
959166
326490
867165
990823
910036
132167
788312
334160
78003
872967
808963
477531
212468
811808
627664
927288
446439
450769
545568
271203
945078
173114
108896
676561
812036
824552
804519
866094
989422
372928
433828
948588
699417
815197
939411
123659
947363
241928
457818
25366
629100
780985
502897
841567
592793
644765
283060
553437
95534
342833
338844
40613
515946
447739
231378
842186
786495
35897
708280
775917
408824
142108
238711
622446
471510
178122
260309
418873
420050
718126
444239
563354
13316
461340
404921
606108
620309
202186
673749
230047
59223
12593
784863
89373
974535
16241
931558
761031
566341
639838
51153
975165
296151
289863
111816
767660
467985
886328
186533
402239
604454
144976
965592
131974
120520
884717
252286
740828
601107
926035
970875
660329
938627
755738
263906
427368
286184
195464
188399
852524
835302
753755
341894
645657
43619
967913
413317
25808
854241
114054
942250
972899
773234
422047
104873
407958
306764
357159
148787
422076
283194
633866
596609
736025
903808
860515
163393
189992
55979
865995
556721
405485
619751
898614
51142
177574
380733
978662
203381
234974
92717
659835
207874
380155
81882
312746
788112
388645
184109
451103
324925
981506
84969
921534
717532
502982
782049
395129
207178
352232
775329
763898
271922
909284
176718
837267
601062
557450
815930
804442
306628
422851
464277
28706
803005
60363
855656
105322
449007
39765
556425
288137
21272
155598
209671
253008
658579
505924
162341
865757
372360
937669
143860
644281
361158
834781
481549
962219
906435
280866
213064
234534
259347
241769
551743
319709
97425
171269
282921
651394
727693
571057
672665
883291
780727
439877
56075
800855
602217
921831
173215
54092
579896
817496
415249
414677
813249
891673
321113
624932
172539
534176
373670
946090
290149
439617
265799
901778
610885
548719
553172
338579
633980
740041
736074
928911
179918
792148
729766
782134
713980
902981
350430
293876
234682
765679
222757
47931
171557
543869
187067
858299
78045
560736
804389
882398
514557
584393
784176
125442
647316
337348
978224
281297
77389
714298
210208
257306
506447
939974
553644
734631
357160
904074
542711
591841
183958
765467
153976
869718
309337
341042
728017
901585
415982
532407
783983
930538
631004
82364
55980
278320
419711
34205
559616
11304
262707
769824
782813
769153
224003
850662
17989
95367
754736
560699
687207
452898
840371
355387
322616
663912
696428
564837
565497
626614
97244
863685
557152
728247
946048
127336
520772
879964
675744
80388
405472
938451
364416
188286
221809
102623
38948
239798
197989
307888
399400
760785
669276
754786
597605
333188
965418
162442
412890
592032
773890
790779
663388
16342
251032
790724
130996
466468
131706
536468
919123
496121
238958
655137
112949
277905
894934
310937
585792
723839
224542
860781
393116
979327
458386
240508
458951
135032
653397
50983
908921
444176
714371
439468
209413
19300
976580
340408
999971
108286
391080
919095
118612
144242
574232
231560
422146
983370
56701
522142
221414
281242
382923
614529
260570
355513
369242
233725
490545
22639
284707
913670
981019
513282
353138
190432
532581
843923
45044
532553
952208
950328
965852
585024
94570
54289
816583
516716
37659
873284
553062
259072
154526
935985
387806
929299
805702
757047
163024
296247
293890
961935
724122
274909
475217
77260
979544
522003
921182
24589
54556
387596
974916
534612
972619
69486
588900
303408
100406
140763
176692
653468
399834
845421
103658
301844
288926
909359
573095
966153
205607
866985
928088
443933
656098
917510
521192
635643
439513
956579
660231
8273
344175
149352
57089
830998
218837
645988
134406
833447
786750
825301
486915
700788
670723
590572
516837
473853
499931
89932
440006
219742
471121
882299
663674
127220
314014
699071
762862
753526
655650
937297
276003
514029
86649
333091
859231
819689
493283
993637
653136
794237
818938
654255
495025
3866
759031
11862
991922
258963
615998
946133
992908
87119
828432
170788
214338
142446
384063
491404
410176
553917
428701
200383
582150
29554
47678
441381
849243
540960
435018
16584
849401
768161
670839
344426
286231
429870
870492
278154
203037
695
224287
710150
87813
566923
880937
816355
223573
779204
307759
633748
333121
250665
348335
915270
280218
396012
356651
643665
451176
305874
660249
300577
74035
845292
874469
275162
543903
152623
992403
544597
891113
702553
632410
972240
97695
962969
195813
876898
270728
343765
724223
35597
692099
639493
830019
602315
510348
473684
567695
816221
648137
868271
404460
7634
541683
278930
797000
85586
945756
789403
144388
6161
291002
323315
618059
253971
519128
494957
38903
862892
733384
74500
69197
372877
418723
671511
397429
406611
239207
213651
568953
621682
618110
576586
677569
411244
373586
277360
357001
677193
421747
708075
683353
226953
31390
815616
480923
64722
310573
34030
441819
558161
108529
511015
931037
41456
696730
328467
448067
450141
56322
17020
71824
188636
107810
263597
114085
481396
540956
471085
672793
476907
693364
870351
703859
685967
184782
303680
510745
218812
259703
68906
841544
770717
514148
397205
467447
356819
845271
917588
413140
376495
503616
115980
484304
281417
230064
965699
822373
215353
152698
299280
908716
23049
3140
661879
223220
702125
479763
733964
435141
739465
802870
790890
510182
317018
188095
491833
673836
33366
923625
601180
924064
941445
231364
408368
222863
461428
888272
559440
190985
40970
858719
613906
578222
376063
275785
801441
592393
755547
535406
27534
9217
852480
818423
33603
683702
520722
525435
357538
68292
963265
472922
992355
904710
704285
400724
641777
679917
288996
201217
870902
329965
574141
484808
422391
950203
274797
223832
56801
544548
759237
84335
553764
125922
416962
587366
809623
937684
627005
681365
5976
104475
154287
512536
523390
372777
913259
165167
566898
716459
880588
952004
560628
454729
436812
983018
919136
711608
206850
975937
256156
480292
574476
324124
606213
991437
425694
415837
443326
52700
97202
963506
157174
765693
476042
194768
652674
903505
359935
219572
619964
754727
171577
180592
209456
122593
163610
642796
348406
370459
618733
118766
850750
193209
442890
971168
698851
868583
387005
142177
435487
998410
619887
106866
764103
95929
301633
930981
513638
175772
150554
133602
930498
836334
314193
654158
958926
992006
296955
821536
362466
429892
940302
727420
137306
383192
212793
836156
765979
599797
492537
715671
598208
112425
822536
876515
722557
638373
807497
236196
814145
472255
884001
258848
822793
712399
913006
781719
704405
724165
117461
581075
154057
57763
822700
291362
955158
35493
127518
721137
149495
134260
436808
261907
246684
773548
138422
483445
411922
460123
233845
740271
446582
117847
999118
269375
344450
426329
565299
48855
150494
682759
144135
304551
740521
966834
110117
695679
2327
237635
931020
151821
371894
882033
413727
132782
655581
66354
130431
581707
40681
364276
321978
487263
996326
835301
756637
340776
261630
836140
903834
926328
518899
47969
745083
773624
14803
855199
983507
531334
92834
914528
683154
978931
310766
611086
625917
966346
191644
756348
62259
232324
634828
898440
719586
145359
733741
990428
486134
509576
340773
389968
950108
859672
437937
695191
147501
966943
550390
131009
498277
45537
695636
136360
870506
306722
276482
351057
498365
547034
413315
244893
696066
311756
478684
841424
559701
983316
327558
583481
324089
231730
533589
697965
669666
228780
845466
150815
779170
976474
936598
536215
344727
587162
406721
165653
863643
757777
178222
924881
685297
423115
620947
997052
901798
462371
70958
399319
789928
168644
723407
535863
702232
421373
205529
931012
266839
356343
224387
757517
519639
160985
293732
864365
262351
214657
30019
640199
972433
208240
565080
171935
145559
186028
683191
561561
162603
754149
960879
466736
198492
2599
139229
208127
584445
915111
78675
808831
672628
112518
484020
480564
976882
260576
695220
521105
900774
243550
465854
353793
389108
166086
36984
464874
328689
305337
425753
795424
228129
138449
798022
881562
272517
520353
466007
187628
113232
789043
860255
225749
273063
855023
716836
533638
550243
752145
948616
732101
995694
414471
600098
899007
94761
637081
363881
937653
942418
303838
733077
684751
442287
45304
566313
714803
79862
546525
416636
707297
335568
276891
933046
608630
131915
164087
656473
196362
916231
605089
442667
426131
533764
42765
325138
628525
194051
203223
566178
136469
507060
813460
335424
949346
372968
415942
178355
452829
962466
594990
160127
298034
386085
607377
420868
32204
285668
77341
228566
201899
196635
185437
628029
730398
228202
467371
873127
422252
670593
953510
72925
177654
281175
408348
641204
654142
338494
819558
621176
300960
928752
781302
598993
314838
902883
19862
861245
188551
604015
904653
808040
789452
46888
52644
17654
514258
925770
954109
184852
393485
541238
876709
674659
463790
32118
843006
802284
365881
464182
103244
294633
759688
702237
123675
722098
984920
365326
333504
103140
269979
655749
892591
316866
708392
424449
345329
148367
892762
44385
541852
434000
921093
730715
897790
467415
87926
214279
833295
552107
317522
127929
825999
533963
765807
2775
770265
264932
882304
617974
368072
666488
273723
774867
497558
982114
199317
842886
644685
606283
887270
700741
40284
322568
431457
452278
789983
33587
180761
623278
585694
498282
265411
925897
546450
31219
442877
316715
810354
325181
934688
178426
991668
722615
467498
489227
704729
666814
846317
863619
787301
247793
564360
341789
570360
510021
308271
874547
543608
489031
12031
643506
501518
277441
569403
47968
822863
526484
878886
633218
851665
813575
325848
536190
793345
360969
755124
974363
207287
618743
275870
455079
697307
617658
539643
207329
925929
414191
750936
414960
940425
908646
430682
217866
992253
478649
554934
518738
871740
702356
370403
685315
542408
242145
735709
335754
603114
5038
824321
324605
623780
100191
293888
835292
232054
347735
42621
157983
276130
307761
87147
216555
216407
517829
948625
208660
510682
503559
241602
382422
205915
612004
581941
748322
368354
831855
598280
485672
836892
936806
324481
974877
551201
132573
810169
783254
480307
852789
941236
756437
674754
542588
487196
405365
574621
435821
128229
85303
939379
369831
981929
659498
496039
78075
922025
864392
909929
34510
864268
746822
485520
188749
721699
36722
321321
531868
819975
315833
898861
275417
586474
87820
332209
73670
493184
906829
23696
135617
506336
477279
505447
2470
136778
515691
80545
573007
894287
504678
121721
758556
251500
607241
461509
487403
643962
297035
19271
978141
612867
432336
767762
713545
520155
614175
787214
527543
521004
325114
663160
541545
802393
682811
544014
453375
198502
624558
26382
92790
643441
148102
365550
894940
269547
827058
382344
427713
124093
915818
405855
251164
862359
687821
964708
896718
301997
266128
424262
337205
591241
601626
878749
393634
284437
422764
847008
482939
561526
387594
89933
204967
49901
455482
614112
319447
796744
510660
747160
920837
426478
667219
686205
803041
869244
650914
699760
171241
917041
124022
22651
22487
725647
901399
524288
838367
777333
521431
914098
679132
611363
633269
729032
581049
247381
48479
377794
758040
309843
812835
698723
977061
499040
15969
846306
664158
715728
531751
95404
353954
68606
117891
593805
970005
48216
118094
322577
339753
639524
750879
18885
765092
384149
262121
346141
631529
824804
238139
903774
134647
50974
116702
625913
64219
132670
472219
728376
848398
518174
823780
716556
586780
455875
310362
70990
18295
428455
907770
358047
582183
658650
891136
347275
42799
667461
207621
188532
492265
445759
606510
626912
496733
723211
252825
75156
370086
239248
803531
732688
757421
141516
449244
858405
111595
759605
929394
129889
702264
837165
2141
798652
495815
893276
145927
52818
560737
353547
241349
567207
799306
362064
708323
810243
85275
475352
885398
455360
228804
203134
702252
986224
858854
151497
358835
970448
425306
288229
100338
127571
639598
102478
926222
649617
509958
586353
702434
584899
454105
457988
666310
767615
820051
374633
577858
419530
849984
977460
389095
78788
694798
91347
579217
553652
242843
452256
38306
668149
254689
652847
309924
755324
750350
543904
779486
850907
760543
364385
305012
732735
30696
72627
66991
919532
164689
486520
283722
656353
389819
876713
351152
481166
970134
419008
238213
422390
457313
420566
677079
110160
730489
85571
379688
480839
629474
673378
331747
904221
551968
150963
636956
737794
703946
16400
902482
704671
300121
73041
94490
176835
938396
89860
661173
357404
328073
83564
328922
748638
760642
953285
479128
360417
332974
474171
989890
520556
320122
408317
72524
559477
169391
723083
777628
185791
625565
482299
116
212810
90993
691154
151206
180853
352328
508610
508925
435891
351736
771767
710737
305021
250895
71154
152199
239271
575248
672755
73597
497769
745278
58886
57247
914669
781968
349079
614664
921738
345582
614779
134548
436574
305934
285754
131631
658261
308568
154760
608356
660303
926527
833297
479528
691626
418655
631727
930896
508107
818686
518698
5877
563964
577583
577327
992837
359552
440610
607501
281290
786191
736969
42419
701590
382805
214884
10158
537564
337444
184665
464091
170741
664193
155718
103600
295920
600818
611706
628810
119516
131787
706978
697099
223318
699816
570855
663927
821521
852144
450118
558006
782185
701292
114629
997980
84097
843716
8138
621660
181160
707007
599956
866104
371200
269878
483908
181324
870695
609819
810133
504416
741605
517111
715719
964923
731131
286574
628850
66858
652922
593173
139068
435107
808669
253697
433087
892765
611617
955429
28630
306982
662436
628585
687290
547840
898462
171199
729163
283363
781017
53501
301983
36827
570611
17702
1750
815947
818479
144805
882804
471401
252182
21872
420712
60851
789772
853799
467820
401390
323433
496449
708371
500073
639239
909865
47913
51906
595268
777075
849472
376285
830575
151455
927316
915390
683360
929065
731337
501839
588074
614141
487444
840255
636013
908156
415310
425785
276160
883129
341379
599592
893783
49750
99665
533022
473820
661781
99132
69088
438856
948604
959577
783635
100059
886893
213230
783419
330163
944567
799462
918237
558708
286907
272697
708925
709267
202212
648915
985426
599545
990293
99223
493328
554248
713091
540554
28068
374872
639686
97155
813727
588290
56732
111567
202553
457829
324796
985971
787992
783567
299639
220434
856480
586545
493130
565405
810016
209546
214320
795442
809091
718818
894664
302419
273066
607755
842973
815337
982626
482659
912491
310558
585153
483428
936328
787705
941256
775328
287882
243453
558896
587520
463886
415376
688269
957016
494985
498285
166562
223510
807931
489857
942327
702595
792276
215393
824554
635249
30730
321385
632112
457425
146147
217265
455057
596679
519174
910518
372007
807055
153971
930902
908779
617857
860482
597048
89078
355468
609537
769843
578977
417468
259701
521304
634267
566181
250901
973025
715634
795834
294410
347746
767463
954760
79215
222521
551439
598388
133039
923446
919648
801213
368553
828427
933274
229036
939680
22352
584503
549217
306400
677684
480890
80305
198988
115157
646485
964092
88183
362119
759926
896796
709864
527389
851557
303283
264114
917200
415875
911356
840646
849727
712570
723404
678155
645844
952439
132040
182401
51147
195461
488800
728830
676350
569104
442022
305712
215589
920318
908098
91912
680244
319099
801775
721837
684860
619262
985951
602061
35137
411512
442707
399069
124082
166111
77224
284131
632754
723467
466531
198105
918927
469535
441139
109483
552843
883160
929398
282636
803478
351701
374547
997926
670799
690526
233969
355660
309788
734124
957720
859128
145636
914631
258197
269718
594947
849624
68053
741905
573091
48788
940010
6224
518322
381149
629910
585369
778514
559308
868004
581992
425213
242551
94124
96012
447281
328092
965875
757068
576420
923595
130401
722055
352432
902802
505977
947378
752426
574029
689283
839722
622816
143498
360150
655342
524647
990059
240711
303161
63572
108715
399357
488784
865469
7685
99000
312750
335776
64876
584022
912195
502675
714423
148456
855106
617225
654432
316689
883855
228462
520177
723577
365482
597931
20825
188321
587990
261535
5686
165766
884454
405043
654549
264128
412727
267754
576878
262708
332629
675104
689107
349508
903731
837562
718819
35161
6200
549712
919016
234661
69889
156798
114347
733563
754729
135171
436088
856923
910910
441774
22690
795364
361021
191443
573696
773747
459196
150574
550659
306029
339883
239767
655537
243614
591533
888560
278775
597732
197791
346597
508161
868792
460944
755928
623521
110319
706220
480445
21229
147994
17339
330797
509014
208781
904493
796966
667977
569271
861829
974005
909153
101596
143747
152768
207334
546511
431542
805065
984783
143537
665867
7149
12329
126811
763076
150055
237129
469296
144704
772562
131495
162042
103359
154713
370822
7852
465883
553003
577123
327713
41214
481
943512
699164
153248
150846
245676
98994
470116
230459
242530
135983
751811
769063
776997
29092
433322
14126
498387
578025
786687
144086
254271
404251
813003
139297
412102
278886
692300
503429
606598
733513
503910
550111
946881
171362
215161
192557
270356
685276
937219
512885
821258
689030
281948
112460
718121
715269
126586
730713
807498
427477
389003
61769
831727
202006
201066
758034
480892
407570
261463
601694
655287
279577
151805
602168
450939
366966
308930
721294
566446
246149
748383
901909
449384
544536
14369
681709
774009
655158
926626
581508
82636
315630
157481
428567
31840
872750
186601
512731
280320
962268
114426
935606
241845
780434
51980
206988
661604
360909
442486
228051
121262
190870
129960
84850
735405
144328
766559
509414
313691
693185
90922
396326
523019
762607
824892
69064
635357
525698
581794
915677
487966
210424
365488
244015
505063
931671
451003
166667
292580
893488
928046
598562
38881
12896
333967
697413
779454
843381
525308
986844
448507
921633
24068
211114
260730
93131
360676
786427
189130
790557
274393
913757
156045
32613
418820
601921
483615
99692
894500
891307
8613
336751
489870
561698
349647
338041
773315
643305
695626
298623
630149
144134
734460
168422
869451
995189
261552
230127
781617
964885
534888
570214
878643
690933
602826
811667
807058
600645
911358
701558
6158
434176
552514
10232
995873
902160
348272
283393
545465
43899
96220
689819
702236
830679
858240
85892
825868
633996
316019
121690
598882
365111
206109
991729
56044
323139
803396
377306
923784
228960
78865
444146
663135
145583
454377
173213
47743
316853
970809
107412
360751
67029
797230
62987
897707
169675
663083
237780
803671
979101
873674
916757
344212
593987
422691
914460
917125
226087
291766
355114
969250
884834
799259
632385
544621
253636
319802
592363
570489
290611
699775
445444
357639
11210
22636
769550
180885
685718
7331
498760
179024
395209
415517
37440
989195
838207
466104
906320
578498
272075
261435
547749
671113
574898
694338
215735
342739
14141
808097
913227
304751
22077
872875
176595
33287
895510
946144
728375
95433
467679
227135
274456
862887
642651
311896
366287
995062
292204
786812
87765
564278
562451
635513
235392
137349
329852
451126
480087
858196
773427
907518
162947
309709
780394
339541
857199
190109
285686
585574
285542
267569
812708
559997
130457
969563
386097
10948
478830
678301
797759
566594
756783
360210
716312
506379
11764
560368
957504
491850
418564
245137
399369
581510
69050
693967
435256
926248
884075
235146
26027
169617
502714
352939
243819
633170
836706
144120
158323
315536
336625
956081
396334
93409
830496
626850
599787
842259
187218
71497
334109
605781
830837
247682
701496
899886
455853
136752
340339
339929
371897
366365
23750
874610
233508
267568
21986
70214
925892
180308
899953
262517
650593
810491
355925
481089
437342
469917
323348
624559
541413
171662
230341
886454
933547
931836
786340
389401
582792
640883
243534
954688
521452
267283
829298
754959
49056
339377
974947
545795
239330
237464
196389
49821
107594
191682
487162
91715
515030
625926
633127
200896
856266
33786
648647
302307
820125
38048
885098
975212
281581
353991
496664
548864
697493
765827
112124
62982
105204
601275
608776
858737
352943
319369
422762
460536
511051
424129
552250
540285
50055
699581
255385
420525
733366
904031
722831
67696
456284
122134
557112
737864
476124
53776
800932
173617
333807
427260
236598
439010
28535
359579
811951
381478
193152
234714
842013
218407
658842
908468
272896
708896
122254
528280
129421
369825
946516
366456
951724
402800
2794
508837
654868
478917
76817
166738
410624
397265
917540
363838
425800
791323
175790
807277
984474
924707
163495
717086
583549
586167
989981
806649
222626
32467
450274
592450
978982
816729
544174
895986
819522
567215
65059
812643
644032
35064
493585
54656
432329
411125
932697
858128
716652
108487
179610
701127
33194
343104
932417
130947
443476
922398
937595
666101
469069
387869
258551
962255
718802
316929
858241
52529
884144
923300
865171
528176
472568
358757
97036
904896
284086
29733
277229
739
652424
456838
216070
685617
314147
148487
330769
271827
585089
268364
937927
54159
170438
710682
530618
889239
541815
388860
941768
940163
826364
321144
982543
813136
194105
79579
718033
478191
623516
509466
993133
275940
480509
475761
308860
386098
806529
580686
971186
589098
32818
539549
759535
257704
70168
648774
799518
973231
104747
253887
313800
425891
236430
126936
619995
830213
359173
612390
453729
868639
119728
243873
349148
843134
233838
172212
229232
40368
752897
714623
143670
299919
768376
903204
352748
66183
871344
840183
170930
639435
153983
111025
875865
795123
245224
706078
154296
857614
674011
537139
491546
432088
400491
334681
665925
572702
78117
706292
839803
306944
364166
653926
75321
267370
725752
428068
847757
597097
268252
532891
236532
936438
643915
626601
731561
889138
846883
400062
260957
520894
451405
266708
952981
366101
115593
133112
938802
193709
839403
292811
500653
717774
946736
90178
985143
186694
518245
832900
783790
300701
879995
534526
237140
523910
675332
482905
927253
522215
397171
702414
557314
848576
969121
24500
728881
598918
157611
667683
792627
511219
474698
807484
228993
935639
897661
728340
122333
930110
75446
420327
745016
955440
469057
496360
479351
144389
493469
920808
666604
890640
137427
738122
253421
620753
762621
982301
219671
434437
164189
12298
945655
153092
333986
688852
88731
745851
417192
725267
675962
492637
145594
935182
448078
614650
441633
273244
925010
876645
454052
329855
14072
192174
583275
634824
954794
79781
854495
903435
758174
380997
849090
911265
229188
537942
514200
975038
469339
239467
165205
961975
899264
100387
924257
28119
531928
365890
301362
971143
242535
755413
300998
770811
947586
398478
405635
416586
992462
774334
320021
750636
669536
683316
661901
898723
735462
176101
873761
204801
929771
38967
829035
139353
605238
857154
185486
485333
158516
156629
242072
428134
971830
12883
375720
370308
932722
306510
362771
707056
140736
113407
890796
338256
289513
789519
73718
979817
663281
792723
909589
702247
987908
738624
355804
593146
109983
541289
592683
268499
212122
348960
210837
183953
361842
100761
68465
808768
407271
945439
30030
62211
58847
920825
400466
862563
710345
474183
842380
887830
781110
751969
590077
769018
4799
460085
876369
114781
515579
469052
897483
727700
332216
108320
425857
208263
209081
494322
17031
130556
439761
47060
192766
12812
482090
107436
389579
192435
95823
231960
80265
876933
498133
184546
160156
17136
158835
36525
131917
674413
19782
543604
402114
351997
651924
342175
560259
375209
350701
91495
19969
790462
138554
726938
317478
134848
834373
707057
841486
930195
453221
921750
321333
465558
620500
481489
482694
779335
518013
614610
967952
51999
672418
884270
403996
324342
226446
478459
213755
577146
569953
747927
881812
222712
474865
713495
357559
823442
934756
199046
267843
387977
635000
589175
853534
255501
584868
850432
549040
102882
465042
516992
669084
137461
401263
73080
976006
141913
65744
703966
719058
635696
451893
115076
858407
440963
828570
215967
264405
763326
929216
532247
665507
564216
635627
519041
333921
220495
369474
397165
837580
348720
428362
506665
385
829624
93949
490596
971536
159692
708766
204799
795388
674863
319874
168000
115826
662648
898170
894435
425974
827386
426682
91481
905807
62309
124727
239728
797008
8405
151098
634588
871328
141253
871713
923287
235202
876513
894823
394893
585279
613826
704485
260142
447905
386690
890172
110553
284860
784607
536527
626451
725493
142212
532258
302007
266938
286190
99015
789546
437287
733602
660875
16746
874855
46793
454237
624261
923305
863264
19154
22789
477091
237844
797134
924995
624533
687306
549752
423597
986117
86279
50048
711611
742695
582305
527822
9633
868495
626836
313384
819986
360438
974258
350937
749497
21051
805173
373758
458560
668438
907116
481348
145529
659164
792686
584728
283697
994197
134480
707293
980314
734963
757341
206130
477658
853850
248156
1495
722345
874991
314878
56537
749634
803340
407473
499131
824390
212646
797154
395288
808414
792706
55021
467578
585393
639748
265479
579590
288433
972771
74109
537600
244317
794443
15258
612372
42599
530956
848921
431795
360039
905457
181429
163379
827134
194764
501974
553985
96062
299128
949272
904475
91835
4294
372053
677227
158246
637531
771021
960882
124508
359334
498482
883028
667981
27944
495400
710580
558900
344322
656579
918938
763983
838007
596521
591118
546975
98495
145103
643037
397623
94375
547512
3662
612872
919565
195093
771118
71301
966113
246205
195808
839651
744687
78837
507633
772630
88441
732417
845734
432762
388996
278877
196746
741207
875398
302068
288182
488097
447170
931218
885719
541544
992935
403585
668621
912500
598677
953943
983800
78995
200148
693813
918646
944834
286854
940483
231670
375294
672900
77404
322261
576100
870485
33211
317307
745883
335278
119693
233980
782447
50912
633904
838195
558051
37489
506816
984755
150371
460759
482760
229365
660907
176573
662215
119946
463426
602698
865819
838720
789802
943223
675185
365902
327913
708395
197413
73796
43673
317106
821979
826119
882221
970087
664314
440272
521781
685335
425027
672151
660298
907786
901515
835409
598564
563731
955355
61990
680633
335379
414914
470436
278602
90099
350542
120719
798493
547955
708718
842165
379265
530698
182489
14990
361008
701757
536770
560547
640988
208921
220845
548774
624641
56255
147338
702576
525814
723532
383209
861192
652650
367849
653999
256954
232596
774717
55447
294755
483436
411817
674019
528338
108510
935504
543327
469517
151466
594302
30064
792453
317427
765113
855431
942067
335572
516974
158848
861385
240506
56262
236782
407360
424110
404985
664313
170910
693907
233965
465664
177343
159986
139683
219885
268495
75187
277416
252217
226652
871717
796484
533309
189145
561597
388741
645416
897168
905714
804264
272758
660424
860525
509540
67784
798839
428729
732097
969749
122636
480266
435413
814182
640251
89301
34067
908745
164487
825687
675166
905343
211609
471651
438652
914957
547452
827392
560374
444621
733106
878842
231583
907734
253572
255327
975518
566615
684056
221820
50569
806691
702085
187
620874
342336
89487
169145
765285
768177
509036
440452
673520
720645
912102
112173
635602
973758
453769
195976
932583
701080
164167
608814
356798
419493
98537
923413
617753
320356
938649
22441
974167
73728
878980
63654
242872
644266
346036
751908
84718
19556
986757
511024
645932
622359
998986
99702
332540
931570
314986
921561
95737
923799
278360
29434
22337
715977
647187
856896
689958
585836
879337
178331
659563
272522
756188
416639
916787
102224
682751
515709
121780
669508
540937
767711
806072
539924
381617
138612
471494
696602
574377
81435
134607
366941
110868
156943
82918
272259
13839
772876
372299
407380
465411
546066
679902
221599
476910
110894
323823
673865
626603
959806
857578
681744
241722
663650
221668
623339
802261
207366
834145
890842
803004
968751
257784
428077
639898
340701
214540
167942
627781
586839
89526
93192
769427
828995
638223
394526
152818
312089
535333
626828
169667
217077
868549
833316
952949
6093
149782
674519
840238
40624
477524
323194
812611
905600
963092
153313
120140
645238
295298
734763
902694
382497
18396
731689
20720
412921
398711
332808
948253
25539
502474
679534
408292
849994
146688
414385
513980
821207
768827
68809
298731
92021
881419
718535
55113
548936
352879
700350
844234
574062
949318
746928
956558
967713
992821
491482
380634
391532
824290
843091
840968
36830
339566
205168
183518
268155
719147
4725
36982
787955
817659
129003
183580
50399
698319
732515
403277
398670
576749
491543
862192
837881
962305
829905
830702
453788
724743
278078
82039
181917
633250
118868
521483
838417
302385
789637
71770
821313
340824
373929
153177
469826
557508
203575
168145
290024
121057
81019
380977
612599
943210
733063
574905
773115
77970
28693
497858
814408
820974
510529
968428
212969
546216
806846
515353
850058
392820
850871
190882
766748
4048
660707
324257
721827
828851
128485
842883
909870
23666
367285
756728
544591
140401
834698
87488
152463
163311
908461
246564
188044
459532
734260
197941
489089
584318
590760
854164
775199
357508
858212
435906
195969
94244
778961
838657
937126
203036
862323
906812
570321
133256
451404
224926
482158
538891
891592
159673
961557
138156
347717
352652
111892
81977
550592
600981
666294
655556
455145
441493
527268
827561
391603
237442
921804
684768
76099
373135
887804
452626
279948
972329
585882
731351
711459
582244
784446
603051
741917
746003
89634
98655
367303
171610
163451
968283
837903
819006
937633
793600
860479
279399
699407
97921
201204
384175
688223
574338
786183
140850
854285
272717
240936
99841
984175
823179
884287
587227
565096
144495
842638
654729
243150
209941
340543
920804
692429
692650
254016
630062
455
114495
909460
699861
212415
624868
598241
414842
713411
898628
555691
81901
685550
310831
181742
669725
134011
66029
771156
213311
724727
127999
382245
967876
236992
402886
544573
929642
656901
688839
930096
285600
112504
144163
12219
251577
256608
427060
964987
669440
496956
354990
807786
228629
538920
456001
808861
310076
183517
952279
565761
15670
804423
802752
932759
863200
246599
589660
552039
690900
389464
178747
349267
401682
430323
605874
828742
395310
789518
325698
442198
144509
647688
683428
103690
508097
507708
287206
555890
974191
367171
571559
778614
684127
504319
641814
444931
608183
708057
135831
997647
886804
485097
913533
317127
605175
256480
712437
394693
582177
668839
53406
744070
368074
251038
361964
876170
758746
163374
432060
247142
530544
517824
25757
728875
536347
181775
173806
658734
889832
823840
656381
290841
823141
84120
607967
428316
340599
834608
337214
436981
17652
390619
181051
899930
641657
543014
776100
914607
706387
722365
675953
751135
240189
701709
994214
290740
397689
682225
949473
801725
506065
120060
92566
843411
204179
214737
785931
544777
563550
123145
981757
95406
27969
162808
995335
183830
220026
285641
612641
440617
8006
288594
705956
762398
504508
700171
567342
902196
896600
516815
218126
916869
636874
824895
760280
355257
39632
546212
900034
117386
669356
881791
726996
211529
558804
236536
395358
293034
522176
7999
733651
44386
296593
439607
320988
801100
653982
888329
217501
550582
405145
435626
467452
556223
260521
227732
911480
814356
288148
325719
445947
471709
721714
172943
683237
280518
409478
78596
573552
445859
600798
821407
490244
897390
261014
811232
212695
429201
213766
430195
979782
133115
380025
961438
689338
640545
189171
115023
969106
477318
440741
415053
949026
162455
102200
146469
957177
511677
225064
44934
957535
340066
866340
961984
751661
641558
287421
964355
70759
501186
908755
564746
634301
802984
526184
837843
443530
229559
467070
926840
221082
422015
341893
170108
98674
444092
316576
55851
469973
55844
614988
941713
395910
481328
903697
147571
637091
191118
626130
222054
692303
49090
301004
840808
852074
827188
678651
809808
570951
145721
736648
792032
567735
592745
476345
666409
551041
307125
236464
21014
877173
851452
962726
787287
846984
866423
449062
998279
571745
75192
220334
778253
638486
521337
619061
4765
862729
297713
814572
947885
957637
65425
739917
39578
172374
730466
220191
723414
37592
970858
744427
914764
336515
221359
702051
183500
601986
151113
695983
173732
740508
916316
951984
378994
951858
571045
383758
328792
382962
712534
276677
854804
777958
530799
894381
464536
261265
628776
187950
813060
599634
727824
936149
667940
944079
633853
269926
95192
329836
957861
349905
760357
909845
728898
712215
995095
626861
555211
892261
853599
346093
261270
145763
876891
155651
610298
652360
298631
798248
465421
898265
244830
707449
348619
426974
651529
982471
696899
260925
312307
610829
72664
593015
853932
299083
588110
994997
368499
994576
848596
714591
255846
994358
105687
925701
604657
272251
224332
402905
737671
636801
161939
445121
985419
588912
610854
967890
800015
871778
794402
968980
482608
381270
561996
850744
194558
664310
845741
563056
173091
694337
791851
428937
688696
411742
354638
293353
683992
93174
210462
935868
729975
886604
895193
229599
475516
506047
711694
789735
377825
506096
272921
374637
401570
349121
739585
110332
527635
585326
187592
700726
279664
979442
129663
482564
905388
998504
290121
589381
605882
500582
525249
335857
387186
934646
79661
376906
440693
791354
680845
332722
467970
707359
213224
817090
446944
323556
344726
546475
511147
45452
340343
4795
689318
822906
910182
202027
113027
13768
807908
127813
53221
657970
29203
987866
737630
920312
942763
528984
601157
275486
340638
583332
982844
553861
400422
943992
391621
745147
4672
416973
304803
345014
421767
508325
682124
846153
710351
309355
374126
518260
437167
941550
176230
980573
443622
428064
900885
386385
957047
16248
661870
297685
599579
158919
365750
514205
617116
757371
773557
621787
174344
78360
481006
110315
586685
163130
470672
811240
472485
359002
329500
423856
300553
19934
404430
744174
447997
819519
130559
919248
835766
306634
216933
949549
465552
96888
463755
82668
854258
237312
704455
542806
829875
185461
