72
274
359
399
409
718
734
756
804
820
848
856
857
977
994
1247
1260
1294
1327
1622
1816
1884
1937
1974
2051
2467
2491
2634
2934
3097
3156
3184
3211
3346
3492
3579
3858
4092
4272
4532
4587
4738
4790
4909
4928
5001
5162
5219
5234
5238
5286
5308
5336
5705
5730
5765
5860
5887
5889
6187
6215
6399
6426
6438
6541
6558
6586
6730
6759
6989
7011
7098
7140
7142
7224
7242
7444
7672
7714
7748
7757
7769
7832
8010
8043
8330
8713
8724
8785
8847
9011
9015
9052
9131
9218
9455
9496
9501
9506
9525
9578
9655
9940
10066
10108
10158
10171
10451
10499
10782
10846
10951
11297
11383
11390
11432
11941
11998
12081
12152
12200
12245
12314
12384
12504
12570
12704
12705
12989
13150
13213
13270
13614
13618
14020
14123
14283
14313
14400
14571
14572
14866
14878
14964
15374
15396
15657
15727
15738
15742
16016
16116
16147
16356
16377
16423
16518
16544
16577
16634
16707
16738
16882
16967
16975
17058
17079
17230
17395
17508
17536
17575
17594
17758
17784
17886
18262
18412
18469
18790
18855
19075
19276
19330
19357
19359
19419
19716
19752
19763
19768
20119
20136
20181
20428
20536
20550
20572
20621
20622
20659
21413
21505
21564
21610
21711
21752
21769
21800
21969
21996
22014
22116
22345
22379
22488
22649
22650
22662
22712
22785
22941
23011
23241
23258
23265
23410
23522
23547
23583
23712
23754
23810
23827
23838
24271
24354
24500
24511
24580
24613
24814
24850
25265
25370
25386
25388
25411
25456
25529
25595
25664
25675
25764
25777
25844
25994
26102
26148
26165
26187
26281
26306
26319
26355
26489
26652
26790
27092
27297
27390
27418
27428
27664
27787
27802
27991
28053
28232
28325
28471
28724
28807
28829
28830
28833
28847
28848
28853
28952
29056
29080
29157
29419
29498
29539
29674
29758
29793
29802
29880
29996
30009
30198
30226
30269
30327
30470
30541
30602
30616
30633
30800
30894
31085
31241
31446
31553
31781
31798
31911
31956
32005
32348
32355
32478
32738
32781
32793
33042
33075
33088
33164
33305
33336
33417
33526
33696
33798
33845
34031
34040
34128
34186
34246
34382
34422
34614
34724
34848
35025
35246
35327
35379
35458
35579
35582
35779
35900
35914
36006
36076
36244
36310
36384
36434
36536
36739
36757
36763
37013
37236
37323
37462
37810
37811
37927
38001
38386
38626
38730
38777
38790
38855
38961
39111
39216
39665
39669
39771
39859
39977
40098
40184
40250
40275
40297
40316
40403
40625
40655
41134
41212
41230
41262
41310
41322
41474
41493
41577
41775
41827
41829
41897
41906
41982
42037
42181
42404
42508
42615
42714
42787
43373
43828
43939
43999
44038
44051
44084
44170
44241
44267
44310
44314
44375
44461
44798
44946
44993
45128
45172
45296
45348
45366
45378
45528
45643
45731
45851
45963
45982
46068
46221
46339
46408
46419
46436
46591
46658
46677
46890
46964
47009
47106
47553
47597
47651
47866
47907
47925
48181
48479
48590
48621
48789
48956
49046
49097
49110
49124
49356
49539
49548
49602
49628
50065
50209
50310
50320
50486
50514
50641
50719
50858
50874
50881
50885
50887
50958
51030
51164
51175
51201
51260
51328
51411
51653
51815
51958
52147
52404
52429
52457
52836
53125
53146
53346
53400
53430
53492
53632
53714
53727
53834
53916
53925
53931
53987
54121
54311
54712
54771
54818
54856
55044
55135
55316
55340
55506
55544
55588
55930
55998
56079
56110
56145
56176
56201
56281
56329
56522
56557
56895
56970
57161
57275
57310
57346
57352
57382
57407
57587
57866
57898
58014
58017
58073
58076
58181
58184
58389
58399
58467
58540
58707
58769
59125
59173
59303
59341
59445
59462
59468
59606
59627
59806
59813
59836
59994
60005
60216
60295
60334
60432
60653
60872
61085
61089
61224
61314
61329
61494
61497
61501
61505
61528
61553
61611
61711
61756
61892
61945
62065
62129
62246
62263
62344
62438
62677
62754
62925
62939
62953
63026
63079
63109
63248
63373
63529
63569
63602
63737
63790
63926
64333
64611
64720
64843
64898
64920
64971
64976
65008
65158
65247
65252
65313
65331
65398
65399
65463
65473
65506
65622
65676
66014
66086
66473
66572
67371
67730
67799
67830
67934
67965
68005
68142
68343
68584
68615
68675
68714
69051
69154
69253
69329
69399
69442
69709
69787
69792
70187
70205
70220
70319
70366
70400
70669
70770
70774
70842
70849
70940
70961
70969
71644
71659
71729
71753
71960
72022
72530
72621
72626
72663
72738
72802
72947
73119
73174
73236
73304
73326
73387
73517
73672
73835
74012
74141
74144
74246
74302
74582
75182
75240
75274
75318
75329
75509
75674
75698
76103
76191
76438
76462
76501
76786
76985
77353
77372
77474
77584
78011
78157
78249
78255
78277
78361
78362
78524
78639
78862
78992
79064
79289
79430
79472
79480
79488
79534
79539
79549
79672
79906
80064
80127
80238
80476
80487
80554
80557
80572
80659
80828
80945
81148
81234
81259
81381
81491
81566
81815
82041
82152
82161
82214
82276
82352
82361
82400
82624
82750
82909
82928
82942
82957
83104
83305
83358
83426
83658
83842
83906
84220
84294
84342
84517
84530
84679
84730
84766
84902
84917
84963
84979
85005
85009
85055
85071
85127
85190
85381
85452
85529
85566
85605
85948
85990
86034
86326
86419
86497
86528
86660
86805
86927
87007
87125
87163
87498
87642
87658
87695
87735
87776
87840
87992
88161
88272
88276
88358
88751
88761
88762
88799
88830
88833
88885
88968
89275
89284
89296
89327
89556
89577
89793
89873
89917
90047
90137
90260
90275
90351
90366
90509
90557
90612
90626
90627
90675
90940
90986
91034
91079
91092
91099
91120
91172
91326
91383
91528
91585
91679
91711
91730
91930
92050
92253
92362
92669
92706
92795
92939
92987
93009
93084
93132
93330
93400
93517
93533
93544
93629
93708
93967
94017
94065
94259
94301
94341
94588
94640
94660
94713
94817
94881
94935
95015
95021
95096
95243
95255
95263
95292
95295
95522
95568
95573
95627
95671
95676
95723
95762
95854
96035
96129
96197
96198
96204
96250
96406
96435
96447
96462
96533
96544
96730
96758
96783
96960
97048
97120
97345
97597
97617
97737
97784
97808
97946
98111
98251
98324
98406
98560
98682
98780
98789
98899
99156
99327
99435
99461
99926
100162
100169
100319
100365
100494
100522
100545
100573
100585
100731
100756
100871
101010
101030
101062
101210
101219
101277
101551
101580
101608
101698
101706
101759
101876
102025
102146
102165
102230
102264
102370
102398
102424
102572
102614
102788
102966
103058
103085
103277
103421
103438
103659
103719
103922
103981
104004
104216
104262
104420
104459
104468
104486
104495
104568
104619
104771
104906
105112
105127
105182
105368
105393
105578
105674
105709
105799
106306
106468
106530
106581
106620
106653
106690
106933
107079
107138
107173
107206
107230
107476
107517
107771
107789
107838
107854
108007
108042
108096
108166
108174
108486
108582
108615
108796
109256
109267
109366
109472
109625
110288
110346
110376
110396
110551
110565
110656
110693
110708
110779
110800
110853
110898
110911
111032
111270
111280
111389
111430
111714
111730
111859
111864
111900
111961
111974
111997
112016
112020
112082
112120
112354
112386
112554
112602
112619
112634
112645
112733
112957
112963
113191
113286
113389
113439
113600
113660
113694
113695
113805
113879
113891
113957
114143
114244
114298
114463
114484
114486
114550
114618
114662
114836
115035
115507
115579
115704
115720
115730
115842
115881
115981
116163
116268
116343
116411
116422
116637
116695
116709
116773
116799
116837
116871
116934
116955
116996
117029
117064
117285
117312
117344
117390
117411
117461
117640
117727
117793
117853
117988
117998
118018
118431
118486
118610
118645
118708
118748
118821
118827
119070
119193
119262
119587
119596
119601
119606
119707
119747
119891
119937
120110
120135
120153
120191
120424
120522
120594
120754
121130
121231
121361
121407
121587
121620
121676
121844
122040
122208
122239
122511
122575
122622
122789
122990
123320
123424
123576
123701
123709
123718
123770
124165
124204
124268
124347
124397
124449
124478
124480
124507
124618
124626
124732
124751
124805
124860
125129
125215
125281
125321
125439
125512
125593
125783
125843
125860
126381
126436
126613
126625
126639
126732
126773
126792
126870
126925
126928
126993
127124
127321
127345
127381
127411
127510
127670
127722
127801
127942
127959
127996
128076
128186
128291
128347
128422
128459
128471
128482
128516
128584
128841
128906
129182
129366
129395
129425
129463
129546
129778
129812
130078
130171
130227
130348
130375
130429
130509
130527
130601
130751
130753
131020
131105
131186
131257
131445
131541
131781
131800
131855
131878
131882
131985
132123
132350
132455
132497
132559
132674
132847
132907
132964
132982
133135
133310
133357
133387
133593
133677
133799
133903
133965
134012
134016
134024
134040
134075
134120
134540
134646
134658
134750
134778
134836
135046
135080
135091
135097
135139
135328
135678
135782
135844
135984
136102
136150
136307
136404
136474
136513
136518
136629
136726
137008
137062
137149
137209
137350
137498
137575
137674
137770
137771
137906
137933
138313
138476
138485
138683
138725
138893
139289
139466
139497
139573
139822
139885
139900
139918
140206
140287
140306
140310
140320
140387
140444
140591
140652
140747
140833
140888
140909
141007
141034
141190
141216
141263
141300
141380
141416
141490
141505
141723
141832
141853
141869
141914
142032
142101
142154
142246
142355
142367
142440
142529
142569
142709
142743
142768
142785
143042
143136
143730
143733
143790
143814
144126
144183
144277
144414
144444
144605
144696
144731
144813
145143
145145
145245
145393
145636
145774
145791
145903
145944
145952
146154
146184
146200
146351
146596
146604
146771
146908
146970
147083
147275
147446
147496
147620
147678
147741
147746
147946
148121
148183
148195
148245
148343
148409
148558
148606
148629
148643
148749
148768
149320
149482
149512
149543
149666
149710
149754
149959
150597
150690
150762
150855
150917
150931
151024
151075
151106
151287
151446
151516
151521
151570
151634
151914
152003
152151
152201
152386
152512
152547
152611
152652
152783
152827
152999
153195
153329
153407
153762
153786
153892
153947
153967
154117
154214
154238
154244
154415
154455
154508
154569
154695
154715
154966
155078
155149
155221
155263
155343
155483
155499
155558
155676
155696
155746
155787
155908
155937
156005
156071
156200
156560
156703
157142
157221
157359
157371
157732
157763
157795
157804
157825
157847
157887
157915
158517
158522
158545
158654
158808
158858
158866
159018
159323
159337
159344
159366
159394
159521
159589
159606
159688
159763
159812
159968
160112
160172
160348
160397
160720
161085
161154
161164
161367
161579
161596
161597
161608
161631
161796
161867
161892
162181
162279
162442
162475
162536
162653
162676
162910
162955
163103
163122
163159
163221
163728
163777
163799
163994
164081
164143
164425
164455
164482
164538
164553
164906
164921
165010
165218
165276
165503
165649
165687
165904
166010
166017
166085
166213
166311
166715
166750
166773
166805
166909
166978
166995
167034
167096
167103
167113
167266
167924
167971
168106
168547
168563
168628
168632
168728
168805
168843
168865
169004
169021
169046
169056
169189
169249
169429
169461
169466
169483
169578
169769
169822
169876
169901
170052
170057
170319
170454
170530
170571
170596
170660
170685
170698
171258
171351
171374
171381
171482
171574
171620
171728
171751
171763
171815
171832
171845
171861
171866
171987
172147
172485
172553
172622
172779
172956
172985
172996
173027
173286
173337
173362
173442
173488
173554
173801
173972
174221
174263
174271
174290
174294
174432
174442
174580
174641
174731
174893
174907
174986
175171
175181
175254
175258
175271
175330
175335
175467
175586
175593
175632
175829
176031
176539
176559
176725
176750
176928
176956
176958
176974
177023
177069
177084
177116
177494
177594
177665
177844
177967
178007
178274
178282
178440
178589
178624
178823
178895
179000
179142
179384
179602
179668
179725
179895
180036
180051
180100
180186
180281
180305
180472
180549
180560
180607
180693
180715
180734
180975
180984
181075
181091
181119
181456
181552
181750
181826
182041
182183
182192
182380
182466
182590
182616
182928
183032
183241
183264
183328
183399
183480
183808
183828
183850
184213
184683
184782
184866
185129
185160
185189
185478
185609
185613
185661
185722
185740
185842
185901
185925
185947
186043
186057
186860
186887
186934
186963
186998
187057
187168
187202
187244
187290
187449
187529
187605
187615
187633
187866
187870
187949
187973
188078
188233
188257
188533
188555
188918
188953
188964
189055
189111
189190
189214
189279
189458
189545
189572
189602
189641
189656
189665
189712
189812
189874
189978
190046
190114
190187
190206
190250
190400
190527
190656
190698
190795
191049
191065
191097
191370
191524
191549
191554
191630
191821
191865
191867
191951
191955
192086
192347
192368
192393
192515
192556
192782
192786
192914
192919
192998
193039
193041
193359
193408
193517
193526
193628
193722
193782
193803
193831
193874
193897
193977
194140
194337
194428
194482
194491
194878
194991
195009
195036
195041
195061
195085
195234
195335
195488
195605
195685
195737
195808
195853
196142
196157
196160
196271
196309
196532
196569
196872
197128
197380
197392
197469
197536
197554
197583
197635
197667
197769
198080
198234
198242
198486
198632
198700
198731
198864
198904
198971
198984
199020
199060
199261
199362
199381
199437
199457
199492
199636
199729
200015
200059
200325
200425
200436
200494
200551
200590
200643
200710
200753
200845
200926
200932
201311
201346
201483
201555
201758
201948
202006
202232
202317
202458
202488
202701
202760
202821
202982
202996
203112
203424
203435
203555
203781
203895
203963
204073
204234
204273
204409
204725
204808
204854
204903
204971
205010
205223
205384
205503
205513
205631
205668
205698
205717
205870
205897
206025
206131
206168
206196
206217
206265
206269
206327
206328
206528
206554
206599
206761
206893
206923
206963
207081
207283
207307
207425
207432
207539
207622
207662
207718
208089
208143
208351
208372
208376
208394
208468
208712
208774
209080
209210
209541
209562
209571
209722
209829
210231
210236
210295
210345
210361
210518
210549
210682
210860
210866
210889
210893
210922
211310
211316
211569
211593
211613
211695
211724
211868
211930
211941
211955
211975
212033
212089
212271
212325
212413
212717
213094
213131
213473
213523
213551
213638
213665
213909
213915
214060
214214
214233
214339
214492
214530
214610
214726
214855
214907
215266
215512
215576
215608
215803
215811
215840
215954
215975
215980
216012
216025
216128
216149
216612
216734
216749
216755
216793
216829
216831
216846
217152
217178
217185
217200
217286
217320
217394
217524
217548
217595
217666
217682
217762
217924
218163
218294
218385
218434
218590
218668
218816
218951
219113
219143
219155
219164
219213
219222
219247
219393
219576
219653
219747
219755
220005
220135
220141
220256
220279
220335
220424
220515
220540
220572
220668
220726
220795
220821
220854
221245
221285
221361
221521
221762
221820
221997
222023
222147
222315
222484
222852
222886
223104
223179
223206
223217
223368
223714
223723
223831
224062
224123
224132
224220
224244
224442
224468
224515
224606
224847
224993
225096
225245
225292
225383
225422
225473
225554
225611
225663
225910
226094
226100
226159
226332
226907
226984
227061
227062
227090
227126
227137
227160
227185
227364
227370
227504
227764
227777
227852
228129
228160
228226
228329
228396
228637
228845
228850
228935
228980
229090
229113
229201
229249
229326
229346
229369
229483
229545
229593
229613
229753
230007
230036
230115
230236
230264
230399
230451
230472
230556
230613
230876
231033
231041
231042
231068
231128
231171
231297
231396
231632
231775
232189
232256
232583
232646
232649
232942
232972
233002
233096
233358
233413
233467
233499
233607
233763
233848
234066
234103
234155
234174
234243
234272
234450
234458
234672
234738
234754
234888
234992
235112
235116
235157
235238
235321
235446
235515
235534
235538
235580
235648
235699
235753
235772
235925
235941
235980
236094
236164
236234
236251
236309
236730
236803
237161
237265
237383
237391
237971
237993
238128
238308
238334
238473
238630
238690
238871
238929
239070
239161
239173
239180
239282
239451
239720
239730
239749
239803
239910
240228
240317
240318
240400
240621
240808
240827
240977
241011
241085
241293
241397
241429
241500
241639
241644
241804
241827
241897
241924
241935
241965
241989
242004
242047
242089
242255
242272
242284
242385
242399
242452
242515
242521
242590
242708
242807
242840
242900
243090
243173
243249
243350
243428
243535
243553
243603
243962
243977
244084
244094
244118
244154
244294
244383
244437
244516
244597
244706
244816
244826
244850
245324
245329
245374
245486
245508
245547
245622
245768
245785
246131
246151
246554
246582
246888
246948
246965
247078
247202
247527
247645
247721
247804
248252
248351
248372
248474
248595
248827
249102
249118
249292
249311
249337
249412
249519
249755
249836
249894
250300
250328
250397
250625
250644
250750
250794
250872
250883
251116
251125
251184
251188
251247
251304
251375
251694
251700
251735
251742
251765
251961
251972
252075
252099
252278
252339
252420
252422
252598
252634
252637
252665
252710
252727
252994
253076
253143
253193
253373
253403
253404
253442
253500
253691
253859
253881
254027
254155
254345
254504
254554
254591
254633
254660
254754
254806
254999
255024
255040
255323
255390
255486
255813
256110
256126
256141
256222
256308
256325
256388
256527
256557
256586
256722
256870
257160
257167
257204
257572
257807
257876
257944
258041
258323
258406
258464
258594
258947
259160
259226
259283
259465
259628
259896
259956
260072
260270
260332
260339
260491
260547
260778
260831
260997
261105
261107
261147
261159
261161
261294
261325
261373
261394
261405
261983
262070
262100
262130
262171
262236
262448
262470
262678
262743
262799
262974
263042
263055
263267
263359
263376
263632
263753
263820
264077
264822
265019
265132
265174
265351
265402
265561
265676
265720
265795
265938
265946
266018
266046
266141
266158
266159
266160
266515
266566
266663
266872
266998
267227
267323
267502
267521
267571
267602
267727
267917
267963
267970
268051
268229
268336
268460
268462
268585
268743
268848
268923
268936
269219
269369
269386
269425
269430
269561
269649
269746
269868
269981
270016
270303
270334
270352
270378
270782
270831
270889
270920
271044
271101
271104
271112
271135
271143
271149
271214
271398
271402
271407
271457
271510
271659
271742
271762
271772
271934
272217
272272
272292
272343
272412
272498
272659
272760
272800
272911
273056
273084
273227
273326
273886
273905
273971
274071
274177
274218
274279
274387
274461
274555
274601
274616
274818
274861
274969
275098
275250
275258
275389
275432
275531
275535
275600
275602
275615
276055
276207
276293
276370
276399
276761
276941
276973
277015
277019
277057
277088
277093
277258
277364
277442
277480
277511
277535
277559
277702
277707
277807
277887
277912
277932
278281
278292
278615
278934
279084
279317
279348
279448
279518
279683
279893
280181
280246
280266
280282
280504
280594
280628
280736
280771
280792
280815
280941
280985
281025
281344
281345
281376
281471
281631
281651
281790
281826
282209
282298
282465
282936
283045
283097
283158
283213
283327
283501
283522
283561
283683
283695
283722
283939
284030
284202
284239
284249
284336
284416
284449
284453
284461
284465
284469
284533
284648
284698
284717
284837
284871
284902
284920
285016
285023
285152
285176
285204
285344
285743
286033
286154
286364
286419
286453
286463
286556
286645
286742
286782
286863
286868
286882
287399
287495
287685
287728
287743
287768
287782
287791
287800
287839
287960
288008
288030
288066
288148
288333
288604
288624
288722
288812
288875
288900
288959
288999
289237
289291
289318
289559
289631
289639
289663
289697
289931
290014
290036
290069
290180
290401
290729
290919
290980
291302
291327
291437
291456
291503
291528
291556
291582
291678
291687
291707
291816
291966
291980
291992
292026
292072
292140
292164
292212
292267
292348
292371
292390
292391
292685
292687
292692
292790
292813
292904
293007
293021
293029
293056
293178
293269
293659
293755
293831
293962
294031
294055
294133
294147
294148
294709
294879
295029
295055
295474
295527
295706
295720
295759
295807
295911
295998
296032
296303
296335
296521
296528
296568
296675
296730
296746
296763
297193
297201
297280
297292
297362
297366
297592
297687
297806
297990
298121
298126
298160
298321
298518
298673
298766
298776
298896
298917
299353
299373
299486
299578
299613
299693
299780
300139
300148
300211
300263
300293
300340
300480
300483
300634
300705
300796
300876
300953
300991
301416
301526
301605
301826
301851
301980
301993
302070
302087
302115
302164
302245
302266
302479
302488
302506
302621
302627
302660
302739
302767
302798
302865
302966
303055
303265
303469
303531
303617
303635
303695
303724
303809
303811
303828
303875
303889
304295
304337
304813
304824
304847
304944
305482
305565
305588
305602
305767
305786
305800
305829
305848
305883
305934
306318
306388
306410
306487
306511
306583
306587
306787
306817
307073
307158
307543
307638
307700
307702
307754
307965
308174
308194
308312
308315
308557
308565
308633
308672
308718
308752
308838
308927
309175
309280
309482
309512
309538
309733
310163
310173
310175
310182
310245
310341
310436
310444
310495
310510
310679
311132
311155
311168
311278
311534
311672
311798
311806
312023
312057
312103
312110
312115
312295
312505
312544
312560
312610
312658
312677
312772
312864
312892
312918
313008
313033
313337
313359
313506
313538
313568
313617
313704
313750
313774
313831
313833
314025
314058
314120
314364
314497
314516
314549
314585
314609
314683
314722
314732
314890
315018
315024
315095
315279
315375
315399
315552
315567
315639
315716
315717
315889
315939
316206
316358
316368
316394
316417
316420
316691
316794
316880
317040
317087
317612
317702
317749
317763
317765
317813
317889
317913
317939
318195
318335
318395
318484
318564
318678
318683
318877
319010
319107
319174
319408
319615
319647
319742
319802
320172
320173
320224
320284
320449
320519
320558
320599
320627
320630
320759
320779
320953
321129
321274
321591
321595
321872
321915
322035
322142
322173
322323
322686
322713
322769
322775
322799
322814
322871
322952
323243
323307
323365
323381
323492
323508
323666
323670
323708
323839
323970
323973
324182
324250
324324
324677
324869
324954
325012
325110
325263
325452
325637
325811
325888
325966
325987
326003
326023
326207
326239
326304
326355
326399
326411
326464
326587
326628
326916
326994
327116
327129
327431
327459
327463
327571
327741
327896
327920
328052
328089
328138
328221
328288
328304
328373
328420
328514
328644
328691
328843
328870
328899
328990
329430
329732
329749
330081
330093
330117
330232
330279
330414
330563
330587
330627
330638
331059
331216
331275
331429
331509
331558
331585
331698
331784
331785
331824
331852
332316
332406
332559
332597
332669
332688
332713
332720
332759
332770
332810
333036
333056
333077
333128
333189
333261
333457
333613
333619
333850
333860
333973
334033
334082
334608
334627
334629
334672
335016
335119
335140
335151
335304
335339
335470
335559
335660
335732
335900
335960
335980
336204
336219
336240
336286
336532
336569
336658
336672
336736
336756
336797
336893
337075
337150
337161
337174
337259
337628
337675
337766
337853
337918
338002
338106
338195
338204
338356
338491
338543
338569
338639
338656
338753
338865
338905
339015
339101
339105
339158
339210
339343
339373
339498
339890
339925
339929
340092
340182
340263
340334
340498
340659
340811
340869
340955
341041
341175
341315
341436
341460
341590
341727
341831
341836
342005
342198
342214
342291
342293
342311
342545
342581
342660
342678
342933
343165
343190
343219
343250
343307
343339
343615
343708
343709
343785
344240
344318
344453
344456
344574
344635
344643
344678
345151
345181
345371
345503
345678
345931
346106
346259
346311
346377
346409
346413
346533
346724
346775
346791
346890
346911
347145
347186
347271
347557
347729
347769
347806
347876
348024
348058
348202
348334
348369
348643
348804
348867
348989
349076
349202
349399
349653
349827
349911
349925
349947
349997
350002
350032
350167
350354
350408
350410
350435
350464
350824
350831
351126
351380
351402
351865
352020
352237
352523
352568
352637
352787
352869
352882
353212
353246
353303
353314
353335
353338
353399
353495
353507
353661
353693
353803
353824
353945
354056
354148
354168
354374
354481
354618
354678
354688
354805
354857
354898
354906
354910
354993
355134
355189
355249
355304
355318
355344
355355
355364
355478
355504
355642
355682
355683
355786
355811
355922
356041
356044
356145
356156
356171
356227
356253
356337
356351
356446
356488
356513
356573
356880
357020
357042
357284
357469
357470
357571
357619
357684
357693
357860
357978
358017
358034
358059
358144
358157
358374
358599
359103
359250
359378
359384
359463
359544
359686
359825
359891
359899
359903
359915
360002
360076
360106
360250
360360
360461
360482
360493
360525
360730
360851
360909
360939
360980
361020
361027
361067
361185
361440
361448
361456
361457
361605
361703
361885
361906
362049
362147
362184
362187
362200
362237
362397
362554
363065
363212
363221
363234
363244
363424
363689
364046
364195
364201
364294
364368
364554
364687
364816
364935
365083
365086
365107
365188
365207
365270
365533
365678
365680
365807
365878
366133
366889
367099
367142
367182
367265
367403
367466
367628
367793
367918
368043
368351
368477
368539
368608
368625
368806
368901
368905
368953
369030
369088
369147
369260
369491
369500
369547
369622
369737
369873
369914
369960
370040
370118
370350
370778
370950
370961
370987
371057
371266
371365
371458
371576
371578
371650
371887
372033
372141
372191
372476
372483
372598
372609
372913
373353
373443
373584
373614
373678
373772
373824
373876
373944
373960
374211
374238
374490
374504
374761
374841
374887
374920
375214
375310
375728
375943
375976
376027
376170
376197
376428
376515
376547
376898
377081
377433
377450
377500
377501
377524
377545
377556
377593
377872
377882
378146
378154
378190
378243
378433
378460
378585
378693
378806
379035
379106
379265
379287
379325
379476
379781
379843
379895
379911
380187
380194
380327
380581
380690
380913
381005
381024
381085
381298
381330
381364
381625
381786
381917
381950
382245
382278
382504
382635
382647
382660
382664
382726
382857
383052
383080
383257
383313
383781
383807
383972
384113
384121
384497
384524
384622
384645
384660
384708
384753
384810
384926
385077
385163
385224
385392
385452
385598
385604
385807
385864
386057
386077
386143
386177
386348
386523
386534
386544
386757
386823
386862
386917
387037
387129
387165
387746
387781
387864
387923
387984
388038
388092
388266
388629
388658
388844
388997
389004
389033
389044
389288
389686
389984
390187
390286
390319
390332
390493
390546
390554
390752
391217
391224
391359
391395
391447
391455
391477
391632
391761
391864
392364
392522
392553
392632
392731
392739
392753
392768
392777
392876
392996
393105
393243
393306
393373
393565
393624
393641
393842
393927
393941
393965
394002
394138
394168
394196
394239
394425
394513
394591
394638
394916
394957
394965
395170
395181
395217
395229
395304
395338
395518
395754
395944
395956
396055
396227
396429
396454
396556
396623
396707
396905
396947
397019
397267
397392
397517
398059
398062
398107
398186
398253
398322
398364
398452
398508
398544
398775
398789
398943
398953
398986
398994
399070
399154
399343
399446
399464
399562
399592
399635
399759
399916
399971
400069
400071
400587
400698
400737
400763
400867
400972
401120
401428
401605
401996
402050
402127
402157
402170
402213
402555
402691
402695
402795
402841
402873
402874
402931
403027
403055
403153
403201
403272
403421
403461
403516
403580
403635
403805
403875
403968
404032
404119
404280
404303
404305
404311
404372
404660
404753
404988
405081
405169
405224
405387
405462
405473
405551
405641
405702
405709
405754
405859
406100
406106
406118
406306
406539
406565
406584
407008
407112
407134
407169
407177
407353
407384
407434
407558
407582
407605
407692
407938
408008
408027
408099
408114
408125
408165
408219
408230
408243
408270
408301
408334
408423
408491
408588
408868
408878
408901
408935
409299
409307
409311
409314
409570
409584
409647
409656
409782
409819
409844
410012
410053
410145
410347
410472
410618
410749
410832
411321
411329
411339
411358
411382
411692
411986
412027
412051
412179
412213
412221
412321
412385
412463
412529
412534
412535
412574
412683
412715
412738
412877
412921
412964
413005
413056
413076
413092
413163
413312
413479
413643
413682
413802
413823
414245
414269
414508
414681
414980
415069
415155
415204
415235
415273
415284
415358
415480
415571
415648
415718
415790
415861
415965
415989
416048
416226
416339
416367
416476
416502
416506
416525
416571
416640
416738
416935
417104
417344
417420
417595
417652
417827
417858
417941
417965
418125
418547
418671
418873
418917
419108
419156
419305
419375
419501
419605
419987
419990
420041
420206
420358
420523
420533
420581
420598
420685
420699
420727
420829
420967
421021
421051
421160
421234
421243
421266
421482
421484
421502
421739
421774
421837
421855
421991
421992
422035
422121
422215
422391
422591
423049
423102
423121
423252
423320
423346
423539
423748
423889
423898
423932
423985
424201
424245
424336
424511
424514
424576
424780
424786
424972
424987
425044
425059
425252
425276
425359
425450
425520
425591
425641
425720
425750
425787
425859
425984
426018
426260
426421
426531
426545
426569
426691
426842
426854
426867
427114
427123
427150
427211
427399
427421
427581
427812
427904
427962
428051
428229
428236
428388
428486
428518
428538
428586
428694
428801
428803
429053
429243
429491
429609
429891
429926
429931
429961
429965
430023
430033
430839
430949
431099
431336
431402
431446
431474
431526
431546
431627
431690
431705
431737
431916
431976
432007
432023
432028
432051
432195
432424
432464
432471
432491
432651
432804
433154
433335
433439
433476
433491
433509
433547
433658
433778
433838
434014
434025
434078
434208
434360
434384
434387
434442
434524
434604
434652
434718
434738
434832
434839
434887
434984
435010
435187
435314
435502
435849
435921
436101
436138
436186
436242
436332
436344
436569
436616
436638
436684
436700
436795
436958
437001
437108
437125
437321
437325
437350
437398
437599
437646
437763
437893
437975
438065
438094
438142
438183
438230
438276
438415
438442
438573
438752
438817
438894
439061
439128
439377
439626
439948
439972
440057
440070
440095
440280
440304
440305
440488
440660
440856
441207
441516
441711
441870
441895
441898
441993
442010
442053
442161
442222
442259
442261
442330
442426
442483
442635
443010
443041
443137
443169
443349
443395
443627
443635
443706
443945
444224
444311
444393
444801
444983
445044
445207
445442
445788
445830
445966
446071
446171
446285
446342
446405
446745
446746
446781
446840
446868
446976
447177
447262
447367
447402
447421
447462
447714
447755
447829
447838
447909
448115
448118
448128
448212
448256
448276
448417
448455
448736
448823
448880
448971
449124
449190
449219
449449
449531
449623
449654
449779
449958
450536
450754
450808
450839
450999
451001
451071
451095
451226
451707
451923
452019
452117
452121
452237
452559
452566
452646
452707
452846
452905
452929
452989
453160
453225
453229
453287
453395
453486
453530
453553
453999
454133
454400
454643
454962
454971
455046
455312
455382
455413
455418
455475
455768
455883
456096
456116
456273
456368
456462
456472
456619
456710
456868
457006
457035
457065
457066
457068
457197
457294
457426
457437
457468
457582
457658
457766
457795
457814
457825
457885
457943
458333
458681
458754
458824
458898
458916
458977
459020
459364
459585
459679
459681
459693
459835
459841
459900
459912
460122
460211
460350
460584
460723
460740
460764
460898
460925
461129
461270
461335
461437
461474
461500
461625
461683
461738
461793
461875
461894
461959
462036
462258
462319
462332
462440
462543
462563
462614
462631
462749
463061
463353
463512
463645
463723
463777
464102
464477
464679
464775
464821
464858
464935
465048
465135
465167
465338
465349
465383
465487
465505
465670
465917
465929
466233
466373
466398
466476
466620
466761
466910
466938
467432
467660
467687
467716
467740
467813
467822
467844
467873
467881
468020
468060
468239
468247
468313
468333
468377
468638
468667
468752
468824
468866
468867
468870
468974
468981
468999
469007
469185
469201
469270
469534
469606
469759
469870
470589
470656
470671
470696
470788
470908
470970
471078
471136
471546
471561
471694
472034
472236
472347
472494
472618
472992
473053
473143
473460
473507
473753
473820
474135
474272
474321
474400
474440
474493
474501
474676
474947
475018
475148
475247
475260
475297
475300
475507
475555
475580
475795
475893
475984
476068
476320
476388
476473
476621
476773
476787
476831
476875
477396
477476
477483
477553
477879
477925
477960
477991
478103
478188
478210
478273
478391
478443
478561
478962
478991
479028
479088
479215
479570
479583
479653
479711
479802
479823
479899
479989
480191
480244
480341
480417
480422
480423
480465
480520
480687
480818
480843
481013
481031
481107
481118
481120
481302
481446
481555
481619
481844
481865
481874
481948
482256
482284
482398
482553
482669
482754
482902
483229
483251
483427
483525
483596
483749
483787
484136
484143
484223
484240
484469
484507
484509
484634
484688
484800
484818
484840
484848
484954
485044
485047
485072
485196
485208
485294
485311
485378
485414
485436
485487
485500
485872
485963
486126
486153
486301
486800
486919
486986
487032
487050
487214
487218
487288
487298
487388
487389
487437
487477
487636
487662
487800
487915
487925
487935
488139
488220
488561
488758
488771
489038
489098
489724
489801
489828
489883
489917
490191
490352
490835
490893
491067
491193
491252
491326
491341
491457
491484
491555
492075
492128
492149
492203
492255
492397
492552
492738
492762
492776
493135
493267
493278
493321
493375
493450
493486
493491
493663
493721
493969
493999
494052
494496
494578
494586
494712
494747
494862
494903
495073
495096
495159
495161
495170
495342
495384
495403
495431
495450
495476
495555
495608
495651
495652
495735
495802
495835
495869
495895
495927
496007
496074
496243
496261
496370
496452
496454
496634
496701
496710
496730
496823
496848
496853
496856
497233
497311
497403
497527
497531
497823
497845
497924
497949
498080
498193
498560
498588
498669
498745
498757
498911
499250
499282
499308
499455
499662
499705
499865
499969
499979
499991
500090
500115
500129
500143
500167
500175
500231
500238
500321
500363
500439
500451
500692
500716
500746
500910
500936
501039
501056
501105
501429
501558
501559
502046
502348
502374
502385
502483
502533
502615
502649
502679
503048
503055
503084
503127
503229
503298
503337
503545
503621
503653
503776
503791
503875
503977
504035
504118
504136
504139
504296
504351
504454
504638
504645
504649
504792
504966
505065
505108
505191
505225
505401
505431
505715
505717
505803
505860
505976
506113
506288
506313
506354
506613
506655
506736
506839
507054
507058
507095
507441
507505
507634
507688
507720
507737
507863
507946
508027
508028
508225
508462
508484
508611
508708
508805
508808
508892
509006
509022
509136
509264
509432
509628
509643
509707
509728
509901
509921
510033
510074
510220
510266
510469
510573
510628
510658
510752
510767
510905
510916
510947
510972
511023
511046
511089
511117
511360
511382
511465
511479
511523
511968
511973
511986
512158
512191
512317
512445
512581
512601
512607
512770
512802
512915
513248
513261
513322
513400
513503
513581
513610
513664
513711
513725
513833
513924
513949
514085
514113
514208
514231
514265
514355
514500
514588
514662
514718
514990
514998
515268
515382
515405
515548
515550
515689
515832
516053
516061
516107
516109
516199
516246
516370
516400
516404
516430
516736
516806
517755
517788
517820
517856
518069
518216
518363
518506
518545
518600
518615
518682
518767
519077
519094
519224
519231
519284
519314
519348
519389
519606
519748
519805
519861
519905
520006
520051
520356
520541
520654
520738
520772
520779
520838
521296
521388
521393
521549
521660
521743
522017
522277
522284
522387
522619
522626
522664
522856
522987
523213
523484
523499
523545
523619
523752
523874
523897
523996
524026
524065
524091
524366
524619
524631
524714
524738
524754
524835
524940
524982
525162
525432
525506
525718
525813
526022
526043
526139
526233
526272
526285
526286
526434
526461
526520
526608
526890
526938
526965
526966
527061
527457
527692
527718
527737
527949
528324
528326
528363
528474
528479
528567
528733
528800
528840
529138
529244
529279
529313
529510
529592
529619
529626
529835
529895
530042
530047
530131
530148
530218
530740
530752
530852
530871
530953
531252
531289
531310
531470
531557
531608
531866
531925
532002
532045
532083
532208
532254
532302
532383
532399
532481
532507
532647
532717
532791
532820
532842
532866
532878
532969
533029
533272
533563
533566
533594
533625
533665
533671
533697
533742
533817
533900
534102
534278
534373
534641
534713
534734
534842
534983
535060
535066
535117
535149
535241
535495
535691
535774
535775
535821
535831
535858
536057
536208
536342
536495
536534
536662
536700
536724
536748
536794
536918
536970
537012
537065
537084
537181
537218
537355
537548
537647
537702
537903
537904
538104
538304
538597
538722
538961
539046
539548
539818
539822
539866
540244
540458
540517
540560
540822
540834
540850
540920
540938
541003
541047
541092
541145
541200
541243
541321
541506
541514
541553
541619
541683
541696
541734
542106
542137
542181
542204
542233
542234
542289
542300
542351
542549
542943
543111
543126
543136
543189
543241
543242
543463
543480
543520
543752
543795
543945
544068
544178
544352
544353
544417
544535
544629
544683
544773
544829
544853
544866
545226
545236
545278
545292
545319
545382
545684
545689
545770
545952
545987
546115
546207
546287
546379
546391
546434
546516
546533
546541
546547
546555
546590
546831
546913
547040
547110
547131
547132
547318
547572
547655
547711
547770
547794
547829
547898
547962
548023
548148
548248
548340
548442
548460
548491
548516
548533
548543
548545
548634
548953
549283
549288
549292
549360
549468
549558
549671
549984
550062
550116
550172
550239
550342
550597
550636
550789
550989
550990
551247
551268
551302
551308
551395
551400
551533
551621
551667
551811
552330
552356
552388
552443
552546
552582
552586
552687
552933
553126
553207
553224
553556
553721
553821
553853
553854
553857
553864
553946
554074
554125
554161
554194
554226
554283
554394
554397
554403
554466
554696
554744
554951
554967
555105
555150
555284
555358
555425
555585
555633
555693
555783
555810
555854
555975
556031
556171
556353
556515
556671
556835
556860
556931
556949
557000
557168
557239
557430
557542
557603
557658
557876
558052
558059
558314
558318
558329
558587
558655
558988
559181
559226
559305
559570
559616
559875
559920
560018
560217
560261
560377
560488
560566
560892
560954
561351
561574
561604
561637
561726
561772
561800
561830
561867
562178
562200
562242
562289
562639
562661
562703
562742
562985
563066
563248
563435
563438
563475
563517
563713
563746
563763
564211
564326
564453
564492
564501
564512
564532
564573
565073
565107
565272
565408
565471
565498
565518
565664
565854
565868
565962
566185
566357
566536
566545
566576
566600
566752
566847
566966
567211
567343
567370
567372
567453
567491
567592
567640
567676
567773
567830
567922
567972
567987
567990
568026
568143
568222
568287
568326
568415
568417
568763
568873
569072
569223
569225
569296
569529
569590
569718
569781
569917
569984
570030
570099
570133
570175
570182
570204
570225
570507
570563
570571
570753
571023
571190
571218
571238
571289
571366
571516
571587
571599
571743
571791
571964
571970
572026
572029
572425
572520
572542
572577
572606
572646
572757
572803
572943
573134
573188
573398
573453
573558
573665
573696
573892
573912
574062
574080
574093
574276
574339
574345
574565
574801
574925
574984
575031
575103
575113
575162
575195
575294
575317
575466
575587
575635
575814
575939
576174
576202
576263
576298
576355
576729
576804
576850
576963
576997
577123
577487
578208
578293
578417
578443
578691
578704
578729
578833
579090
579109
579794
579919
580019
580292
580343
580347
580631
580829
580862
580895
580902
581112
581138
581190
581334
581384
581496
581542
581581
581855
581945
582241
582291
582380
582401
582497
582560
582579
582584
582658
582801
582944
583017
583040
583154
583166
583308
583321
583341
583586
583712
583781
583787
583979
584037
584062
584076
584336
584496
584786
584850
584898
585129
585142
585213
585268
585284
585588
585839
586053
586283
586387
586496
586609
586696
586797
586825
587073
587219
587340
587473
587619
587641
587869
588032
588111
588224
588330
588345
588468
588626
588627
588707
588773
588909
588930
588998
589044
589063
589146
589202
589258
589281
589413
589438
589460
589465
589477
589482
589508
589548
589609
589767
589908
589946
590074
590381
590442
590788
590817
590909
590983
591329
591476
591494
591522
591561
591580
591658
591663
591736
591805
592055
592149
592252
592351
592451
592476
592506
592545
592554
592555
592602
592607
592671
592821
592858
593104
593110
593341
593363
593443
593469
593503
593526
593533
593535
593779
593849
593967
594067
594466
594909
594963
594991
595052
595113
595378
595393
595408
595437
595574
595750
595844
595940
596016
596080
596091
596151
596270
596281
596443
596742
596835
597010
597030
597038
597044
597147
597264
597727
597793
597828
597989
598020
598191
598561
598627
598694
598745
599146
599213
599559
599600
599625
599796
599978
600049
600069
600084
600686
600693
600738
601008
601175
601200
601295
601329
601367
601483
601594
601727
601813
601844
602121
602283
602302
602512
602643
602695
602720
602965
603146
603227
603264
603330
603544
603569
603590
603805
603819
603914
603939
604013
604332
604334
604360
604391
604405
604439
604520
604522
604572
604598
604625
604648
604759
604835
604963
604972
605043
605182
605192
605202
605246
605251
605273
605411
605412
605657
605750
605800
605999
606178
606206
606235
606387
606453
606490
606519
606591
606762
606784
607008
607212
607416
607470
607573
608227
608243
608263
608282
608537
608604
608608
608724
608764
609054
609079
609113
609574
610040
610082
610234
610241
610338
610410
610580
610593
610640
610705
610757
610805
611003
611167
611192
611278
611337
611345
611392
611393
611525
611619
611631
611743
611882
611887
612015
612040
612051
612138
612142
612186
612206
612367
612385
612387
612414
612444
612516
612527
612624
612911
612915
613185
613211
613292
613415
613448
613809
613837
613875
613993
614054
614089
614108
614162
614172
614188
614315
614341
614789
614855
614874
614940
614997
615024
615073
615370
615492
615501
615664
615812
615863
615981
616054
616062
616186
616344
616454
616476
616508
616610
616620
616666
616781
616867
616919
616991
617259
617421
617454
617514
617526
617755
617821
617866
617879
617963
618032
618283
618523
618573
618601
618690
618748
618772
618937
618957
618972
619048
619226
619290
619394
619404
619474
619562
619641
619692
619765
619781
619816
619922
620016
620075
620108
620168
620268
620270
620301
620311
620412
620439
620442
620558
620696
620770
620793
620842
621048
621055
621127
621196
621357
621377
621396
621415
621436
621562
621741
621943
621953
622161
622176
622233
622337
622370
622653
622680
622902
623140
623198
623250
623681
623871
623901
623981
624077
624147
624183
624293
624304
624306
624320
624419
624449
624740
624914
624995
624998
625115
625195
625413
625414
625446
625705
626091
626273
626333
626354
626630
626649
626870
627390
627676
627692
627714
627906
627944
627966
628155
628491
628669
628761
628825
628859
628869
628951
629045
629168
629173
629218
629295
629296
629792
630282
630372
630397
630508
630538
630627
630831
631279
631369
631379
631482
631613
631618
631626
631635
631646
631654
631878
631889
631904
631953
632287
632427
632487
632706
632849
632903
632974
633319
633368
633553
633596
633757
633845
633879
634015
634118
634125
634248
634402
634406
634528
634650
634746
634891
634899
634907
634937
635025
635030
635058
635085
635189
635229
635336
635380
635431
635453
635454
635528
635554
635652
635816
636010
636273
636297
636402
636483
636702
636790
637057
637093
637103
637455
637783
638837
638854
638899
639136
639331
639481
639544
639580
639622
639760
639773
639883
639884
639979
640034
640041
640124
640182
640195
640211
640362
640393
640486
640498
640576
640611
640705
640866
640974
641107
641154
641363
641608
641611
641643
641694
641699
642028
642179
642190
642491
642508
642618
642623
642705
642760
642761
642993
642997
643256
643329
643357
643568
643622
643654
644003
644081
644144
644176
644182
644476
644556
644592
644918
644991
645030
645125
645158
645230
645264
645415
645425
645433
645538
645576
645741
645882
645925
645995
646098
646261
646352
646421
646544
646553
646582
646631
646753
646755
646848
646851
646945
647053
647116
647120
647219
647355
647603
647638
647767
647778
648006
648240
648275
648413
648414
648470
648756
648819
648878
649154
649361
649368
649462
649465
649554
649659
649686
649707
649789
650153
650166
650228
650598
650904
650918
650935
651059
651305
651317
651319
651334
651347
651348
651519
651559
651569
651665
651782
651792
651794
651819
651978
652105
652134
652187
652198
652263
652319
652388
652517
652531
652558
652674
652892
652972
653019
653098
653335
653372
653808
653985
654064
654132
654208
654359
654460
654606
654684
654689
654759
654766
654814
654819
654826
654865
654984
655005
655075
655100
655170
655251
655322
655372
655492
655571
655601
655969
655995
656237
656401
656409
656464
656465
656492
656536
656695
656783
656847
657208
657442
657670
657778
657937
658053
658068
658218
658221
658230
658249
658339
658499
658597
658625
658646
658770
658831
658858
659015
659035
659090
659096
659235
659326
659559
659623
659664
659813
659991
660042
660224
660316
660318
660461
660501
660614
660625
660651
660700
660914
660942
660966
660968
661152
661524
661604
661696
661698
661771
661824
662080
662131
662173
662247
662283
662374
662598
662610
662894
662959
663017
663044
663063
663148
663180
663425
663491
663654
663655
663668
663736
663810
663913
663916
664034
664163
664189
664219
664234
664278
664526
664578
664639
664706
664815
665106
665293
665355
665664
665698
665803
665890
665923
666112
666113
666125
666235
666318
666406
666425
666518
666530
666666
666787
666838
666855
667015
667154
667249
667365
667636
668033
668122
668368
668399
668474
668873
668941
668960
668993
669036
669047
669113
669138
669302
669507
669537
669622
670014
670033
670082
670242
670336
670384
670436
670496
670532
670660
670771
670944
670982
671004
671143
671197
671205
671221
671227
671285
671408
671595
671689
671858
671926
672005
672204
672322
672518
672660
672686
672725
672900
672996
673054
673062
673257
673336
673385
673498
673674
673720
673741
673844
673935
674015
674155
674174
674202
674290
674369
674523
674550
674574
674579
674650
674934
674996
675125
675343
675470
675756
675769
676093
676231
676324
676533
676566
676637
676641
676690
676718
676733
676795
676833
676935
676937
676975
677074
677248
677317
677419
677420
677560
677708
677748
678114
678269
678278
678366
678433
678551
678688
678842
678936
679477
679507
679514
679515
679519
679611
679622
679714
679721
679942
680040
680287
680488
680654
680665
680789
680829
680855
680987
681161
681443
681624
681635
681721
681768
681880
681892
681917
681962
682183
682205
682325
682498
682634
682836
682952
683062
683170
683213
683228
683304
683330
683402
683466
683517
683606
683729
683747
683889
683931
684071
684115
684186
684274
684338
684551
684735
684768
684941
685012
685027
685036
685304
685453
685583
685641
685908
686060
686064
686080
686121
686239
686262
686435
686711
687018
687057
687058
687096
687362
687934
688274
688572
688633
688677
688698
688730
688862
688900
688929
688979
688987
689052
689121
689125
689221
689223
689236
689819
689837
689848
689902
689928
689949
690048
690141
690215
690217
690341
690362
690501
690707
690710
690767
691066
691226
691251
691463
691490
691547
691934
692000
692053
692057
692093
692161
692211
692214
692298
692668
692732
692963
692980
693036
693274
693329
693571
693651
693802
693865
693901
693932
694006
694124
694166
694185
694196
694229
694475
694678
694891
694908
694988
695149
695412
695418
695498
695749
695760
695783
695832
695877
695919
695944
695969
696019
696050
696271
696281
696682
696698
696724
696840
696872
696930
697032
697082
697372
697744
697769
698009
698054
698089
698123
698181
698193
698287
698310
698736
698808
698940
698960
699171
699255
699275
699474
699558
699610
699641
699982
700040
700121
700228
700375
700387
700401
700548
700710
701103
701127
701152
701211
701234
701360
701664
701732
701909
702016
702145
702376
702431
702435
702444
702503
702524
702604
702613
702638
702797
702819
702967
703103
703172
703190
703229
703247
703322
703324
703381
703383
703726
703776
704250
704414
704431
704485
704549
704837
704992
705056
705116
705141
705159
705193
705295
705491
705492
705665
705770
705924
705926
706052
706149
706151
706219
706401
706582
706620
706646
706913
707001
707047
707102
707186
707223
707258
707259
707266
707479
707787
707801
707916
708016
708098
708144
708189
708356
708500
708707
708756
708774
708783
708805
708938
708980
709102
709155
709208
709219
709355
709549
709740
709785
709962
709984
710011
710395
710494
710549
710583
710845
710914
710926
711078
711164
711230
711237
711281
711445
711472
711622
711735
711799
712021
712055
712056
712089
712121
712178
712346
712371
712380
712421
712585
712618
712785
712891
713111
713341
713433
713447
713575
713681
713785
713820
713876
714063
714113
714198
714267
714334
714652
714661
714810
714929
715026
715224
715559
715622
715845
716153
716562
716711
716816
716927
716963
717146
717167
717190
717251
717500
717555
717764
717865
717877
717910
717921
718091
718153
718329
718433
718445
718556
718728
718760
718812
718829
718928
719046
719054
719088
719127
719152
719169
719173
719284
719300
719546
719643
720032
720065
720098
720287
720323
720442
720642
720662
720798
720812
720822
720882
721170
721307
721357
721399
721414
721921
721991
722023
722050
722327
722426
722549
722750
722951
723042
723120
723323
723559
723687
723688
723788
723869
723941
724325
724344
724351
724391
724428
724483
724498
724597
724649
724713
724816
724970
725021
725032
725063
725094
725097
725142
725281
725307
725343
725380
725540
725679
725809
725897
726083
726138
726139
726517
726539
726624
726761
726883
727040
727076
727105
727117
727183
727386
727533
727568
727601
727602
727698
727705
727804
727894
727916
727953
728191
728215
728219
728327
728358
728374
728501
728699
729305
729377
729415
729440
729546
729673
729723
729732
729785
729793
729982
730009
730044
730273
730410
730515
730567
730630
730637
730664
730790
730812
730843
730948
730953
731084
731088
731181
731196
731314
731498
731548
731593
731600
731763
731771
731780
731907
732429
732486
732520
732584
732668
732909
732994
733042
733162
733259
733273
733336
733664
733779
733813
733824
733894
734003
734140
734190
734231
734235
734272
734291
734443
734450
734491
734548
734697
734829
734867
734897
735084
735169
735520
735548
735568
735662
735734
735924
735928
735974
736041
736299
736385
736483
736497
736743
736777
736803
736967
736977
737101
737132
737598
737696
737726
737776
737826
737854
737975
738026
738090
738220
738227
738390
738975
739095
739267
739437
739570
739601
739657
739687
739702
739724
739769
739894
739991
740048
740100
740171
740188
740475
740790
740812
740845
741003
741043
741098
741118
741176
741379
741457
741503
741615
741742
741826
741935
742027
742178
742342
742438
742439
742595
742639
742775
742822
742874
742964
743218
743383
743384
743589
743720
743764
744127
744242
744375
744450
744648
744660
744689
744775
744961
744998
745019
745062
745085
745145
745220
745234
745241
745300
745378
745384
745651
745692
745777
745977
745997
746122
746496
746643
746646
746649
746829
746929
747100
747126
747164
747264
747470
747472
747553
747562
747606
747640
747653
747691
747746
747749
747813
748056
748107
748193
748223
748374
748457
748513
748586
748615
748692
748722
748794
749075
749180
749252
749503
749558
749936
750038
750338
750472
750648
750694
750711
750739
750817
750898
750943
751037
751098
751176
751397
751415
751457
751566
751575
751611
751986
752026
752054
752202
752206
752315
752385
752388
752500
752554
752649
752999
753011
753091
753179
753194
753208
753280
753325
753383
753499
753521
753526
753565
753622
753689
754184
754209
754282
754332
754476
754643
754699
754770
754816
754895
754929
755032
755053
755094
755102
755164
755218
755325
755373
755481
755552
755712
755806
755939
756098
756219
756270
756350
756416
756490
756671
756701
756722
756771
756797
756930
757021
757158
757192
757311
757424
757444
757585
757644
757846
757912
757915
757933
758046
758285
758306
758429
758482
758733
758749
758755
758848
758856
758980
759067
759190
759205
759322
759352
759359
759423
759461
759523
759538
759854
759945
759971
760085
760110
760491
760685
760832
760865
761296
761384
761574
761644
761676
761685
761720
761722
761843
761949
762016
762043
762141
762259
762412
762555
762664
763068
763118
763136
763190
763203
763344
763410
763474
763598
763613
763619
763623
763757
763787
763795
763807
763911
763917
763921
764395
764405
764538
764618
764668
764704
764720
765158
765180
765341
765380
765405
765513
765590
765703
765859
765939
766339
766368
766438
766448
766554
766743
766757
766769
766800
766905
766942
766963
767045
767050
767401
767483
767523
767560
767660
767710
767827
767984
768040
768055
768216
768286
768431
768505
768649
768672
768690
768742
768767
768775
768829
768894
768931
768932
768981
769068
769103
769160
769174
769209
769310
769399
769430
769449
769520
769835
770177
770330
770390
770562
770614
770859
770997
771051
771063
771130
771166
771226
771258
771262
771281
771358
771538
771543
771557
771604
771631
771800
771842
771868
771903
772055
772184
772201
772225
772278
772545
772547
772608
772741
772773
772856
772917
773061
773162
773208
773251
773261
773304
773444
773608
773644
773661
773698
773723
773736
773911
774074
774096
774201
774362
774449
774451
774637
774777
774950
775000
775171
775639
775715
775813
775843
775865
775959
775979
776036
776157
776168
776214
776282
776291
776361
776525
776612
776617
776648
776754
777125
777382
777434
777490
777728
777934
778436
778522
778571
778582
778602
778803
778898
779103
779209
779276
779434
779545
779954
780093
780175
780318
780357
780420
780481
780506
780510
780648
780652
780954
781020
781035
781081
781235
781289
781377
781436
781616
781683
781727
781785
782121
782445
782458
782498
782683
782781
782825
783130
783136
783309
783439
783460
783524
783568
783663
783673
783729
784036
784151
784228
784234
784292
784351
784459
784483
784499
784551
784585
784610
784617
784626
784652
784656
784857
784872
784970
785151
785299
785376
785427
785532
785661
785741
785813
785828
785847
785919
786052
786125
786312
786449
786504
786516
786592
786667
786838
786867
786949
787209
787315
787332
787422
787430
787443
787459
787598
787968
788120
788215
788318
788358
788502
788565
788696
789000
789050
789265
789272
789298
789339
789544
789688
789787
789806
790017
790023
790079
790093
790095
790152
790203
790597
790775
790874
790889
790902
790966
791050
791094
791135
791136
791224
791607
791771
791787
791890
791938
791997
792128
792180
792218
792324
792333
792391
792394
792412
792458
792607
792785
792918
792925
792969
792974
793043
793053
793057
793064
793091
793221
793226
793335
793410
793427
793446
793538
793661
793779
793822
793842
793892
793928
793946
794010
794056
794092
794199
794201
794291
794419
794423
794475
794755
794777
794911
794937
794999
795089
795176
795361
795543
795781
795856
795857
795928
796011
796127
796266
796279
796304
796396
796400
796533
796579
796767
796776
796837
796854
797014
797073
797173
797187
797398
797428
797435
797612
797905
797991
798110
798126
798356
798407
798428
798437
798453
798456
798508
798594
798666
798731
798790
798850
799062
799088
799213
799304
799359
799399
799675
799688
799812
799820
799866
799908
800224
800267
800268
800506
800550
800640
800928
800966
800977
801015
801051
801067
801206
801310
801353
801368
801395
801503
801570
801599
801651
801700
801955
801960
802008
802026
802352
802417
802463
802529
803000
803028
803173
803455
803467
803493
803604
803653
803883
803885
803940
804010
804164
804224
804226
804268
804335
804339
804371
804415
804667
804714
804733
804774
804786
804979
805204
805243
805500
805534
805600
805646
805864
805927
806067
806119
806177
806240
806293
806331
806622
806731
807010
807226
807478
807745
807761
808056
808066
808081
808091
808234
808389
808412
808429
808433
808494
808577
808684
809027
809218
809348
809350
809819
809822
809973
810019
810088
810260
810686
810701
810704
810789
810955
810970
811071
811168
811191
811347
811366
811381
811423
811506
811521
811643
811646
811647
811835
811888
811942
812172
812262
812408
812438
812516
812563
812578
812789
813375
813429
813509
813672
813686
813836
813858
813998
814185
814186
814890
814896
815003
815006
815182
815207
815227
815337
815427
815587
815640
815728
815739
815740
815843
816001
816036
816074
816076
816090
816433
816472
816508
816552
816571
816719
816786
816971
817213
817466
817563
817662
817976
818030
818032
818079
818105
818142
818238
818678
818745
818776
818839
818899
818945
819194
819583
819787
819801
819835
819838
820043
820055
820269
820492
820672
820713
820789
820956
820988
821112
821125
821166
821278
821477
821664
821923
821979
822090
822123
822394
822395
822453
822595
822636
822673
822776
822910
822911
822945
823012
823018
823352
823356
823480
823654
823707
823728
823747
823765
823843
824080
824120
824125
824387
824590
824625
824638
824680
824705
824715
824846
825055
825103
825296
825477
825571
825762
825799
826111
826144
826392
826538
826619
826953
826954
827195
827245
827321
827460
827516
827629
827692
827742
827755
827777
827901
828030
828037
828364
828603
828724
828745
829022
829034
829135
829153
829251
829274
829409
829581
829780
829831
829956
830037
830160
830493
830562
830642
830777
830902
830934
831025
831029
831044
831184
831210
831250
831270
831414
831734
831855
831909
832033
832210
832340
832586
832730
832774
832844
832907
833030
833178
833250
833334
833680
833819
833907
833908
834088
834110
834236
834295
834351
834373
834425
834665
834672
834800
834861
834873
834938
834979
834994
835172
835463
835474
835479
835589
835611
835702
835780
835824
836028
836039
836481
836633
836867
837035
837067
837151
837272
837389
837405
837577
837749
837782
837801
837979
838180
838182
838187
838227
838389
838442
838613
838845
838850
838901
839017
839084
839116
839618
839675
839677
839714
840093
840115
840149
840152
840505
840725
840733
840822
840940
841275
841307
841387
841542
841544
841585
841842
841844
842070
842111
842116
842150
842334
842467
842515
842600
842966
843110
843130
843135
843148
843216
843507
843581
843657
843692
843725
843762
843846
844232
844236
844261
844533
844655
845283
845310
845323
845332
845334
845741
845819
845845
845870
846001
846127
846353
846355
846434
846540
846558
846662
846757
847022
847092
847108
847527
847545
847562
847604
847647
847653
847656
847935
848041
848244
848250
848283
848323
848544
849162
849165
849253
849317
849325
849403
849451
849572
849586
849632
849748
849765
849809
849946
849993
850019
850085
850184
850242
850281
850482
850511
850533
850705
850947
850968
851198
851207
851317
851372
851471
851522
851618
851743
852091
852133
852290
852379
852763
852814
852872
852968
853167
853201
853384
853498
853572
853604
853865
853868
853909
854002
854132
854289
854311
854362
854462
854498
854692
854801
855308
855353
855610
855650
855737
855794
855931
855986
856224
856374
856503
857077
857093
857161
857336
857492
857547
857839
857978
858243
858275
858336
858350
858398
858518
858591
858630
858708
858779
858877
858890
858986
859336
859345
859377
859405
859497
859505
859907
859909
860083
860121
860482
860513
860681
860712
860727
860751
860770
860836
860895
861190
861196
861461
861679
861746
861795
861812
861860
862043
862056
862070
862438
862455
862605
862665
862821
862871
863101
863144
863202
863388
863466
863483
863620
863756
863787
863866
863869
863911
864434
864579
864852
864970
864983
864989
865126
865283
865306
865402
865433
865509
865536
865711
866190
866432
866454
866560
866669
866679
866685
866841
866896
867153
867190
867239
867479
867512
867630
867721
867798
867835
868150
868208
868216
868238
868239
868339
868517
868661
868860
868887
868938
869024
869038
869042
869497
869560
869580
869603
869675
869688
869696
869717
869719
869742
869939
870046
870217
870463
870486
870608
870619
870630
870653
870687
870767
870819
870868
871054
871126
871264
871431
871567
871822
871872
871918
871940
872057
872182
872219
872308
872547
872646
872673
872705
872711
872722
872879
872911
873400
873606
873731
873972
874109
874215
874239
874298
874386
874409
874440
874971
875199
875230
875342
875456
875544
875832
875929
876148
876523
876626
876937
876995
877205
877320
877364
877388
877637
877646
877676
877988
878258
878339
878546
878567
878568
878613
878648
878698
879176
879261
879334
879363
879417
879577
879731
879732
879983
880028
880035
880202
880227
880328
880570
880698
880799
880844
880922
880930
880994
881133
881257
881349
881555
881634
881657
881705
881745
881769
881822
882125
882189
882213
882291
882503
882865
882884
883131
883435
883552
883557
883777
883977
883981
884082
884354
884458
884899
884973
885016
885123
885184
885276
885287
885412
885446
885507
885524
885630
885785
885879
885963
886055
886243
886253
886523
886785
886826
886969
887056
887198
887199
887264
887356
887503
887586
887719
887782
887895
887951
888212
888289
888297
888419
888482
888882
888980
888985
888993
889012
889049
889174
889238
889360
889367
889503
889561
889792
889886
889900
889911
890184
890192
890243
890267
890321
890483
890693
890706
890847
891103
891171
891214
891304
891467
891492
891608
891717
891859
891875
891977
892016
892335
892431
892432
892743
892764
892804
893145
893158
893205
893281
893416
893662
893897
893947
893957
893982
894054
894082
894111
894165
894166
894182
894321
894394
894436
894517
894610
894674
894760
894762
894950
895036
895215
895359
895374
895405
895467
895556
895669
895738
895758
895876
896049
896065
896132
896147
896194
896463
896560
897251
897475
897703
897947
898012
898141
898496
898552
898645
898655
898684
898738
898905
898947
899077
899081
899146
899231
899251
899358
899427
899534
899627
899841
900054
900103
900125
900306
900663
900678
900984
901007
901056
901146
901195
901234
901305
901561
901639
901725
901736
901936
902083
902107
902132
902284
902295
902297
902309
902449
902504
903009
903010
903026
903183
903316
903339
903538
903604
903614
903672
903675
903909
904122
904343
904376
904405
904445
904539
904553
904803
904913
905201
905483
905512
905548
905637
905737
905751
905752
905808
905899
905932
905934
905977
906058
906065
906274
906537
906642
906775
906792
906933
907028
907109
907141
907180
907183
907204
907294
907421
907455
907512
907661
907691
907746
908188
908321
908327
908359
908363
908496
908789
908905
908915
908950
909287
909312
909341
909369
909598
909713
909714
909719
909786
909844
910166
910263
910363
910444
910529
910607
910616
910732
910960
911206
911348
911607
911625
911629
911660
911713
911766
911787
911951
911962
912090
912142
912170
912414
912487
912509
912629
912640
912691
912699
912864
912886
913134
913299
913571
913572
913598
913745
913761
913861
913905
914012
914133
914154
914362
914474
914545
914750
914789
914792
914896
914912
915412
915456
915522
915732
915740
916018
916095
916126
916138
916535
916566
916661
916668
916746
916786
916873
917021
917099
917727
917739
917813
917928
917952
918212
918303
918468
918509
918745
918880
918918
919002
919014
919029
919408
919490
919605
919625
919638
919664
920006
920020
920133
920148
920184
920230
920422
920570
920576
920601
920625
920832
920860
920890
921194
921242
921272
921327
921374
921436
921542
921544
921562
921634
921668
921691
921986
921989
922021
922060
922064
922079
922083
922135
922160
922273
922361
922380
922712
922713
922773
922893
922900
922962
922968
923092
923120
923243
923294
923345
923386
923477
923481
923538
923615
923655
923805
923920
924019
924036
924261
924369
924822
924877
925299
925319
925426
925546
925703
925808
925995
926059
926132
926278
926321
926366
926384
926497
926498
926517
926525
926541
926570
926642
926744
926771
926846
926849
926999
927068
927119
927171
927186
927258
927328
927342
927352
927417
927468
927575
927591
927722
927780
927801
927826
927920
927950
928197
928632
928722
928793
928864
928991
929870
929881
929884
929942
930013
930222
930248
930498
930623
930696
930713
930719
931284
931290
931304
931486
931768
931971
932089
932092
932335
932353
932369
932440
932556
932755
932834
932925
933017
933113
933122
933161
933358
933623
933636
933652
933914
933980
934103
934163
934305
934306
934457
934646
934944
935013
935116
935140
935224
935329
935561
935657
935754
935775
935799
935853
935966
936071
936136
936571
936585
936713
936719
936723
936745
936897
937078
937223
937303
937343
937501
937661
937665
937690
937845
938039
938088
938168
938276
938478
938558
938575
938631
938721
938769
939214
939245
939318
939445
939608
939869
939983
940008
940065
940090
940209
940348
940352
940354
940485
940545
940579
940742
940800
940836
940846
940868
940873
941140
941251
941464
941472
941560
941749
942137
942197
942220
942372
942454
942457
942463
942644
942668
942947
943064
943137
943327
943383
943443
943670
943696
943812
943819
943963
944205
944239
944424
944492
944516
944559
944579
944662
944798
944990
945039
945251
945255
945305
945351
945461
945471
945548
945593
945754
945826
945855
945930
945951
946103
946247
946320
946352
946801
947000
947064
947085
947300
947387
947444
947499
947504
947508
947556
947807
947833
947851
947862
947939
948176
948359
948383
948423
948552
948935
949200
949239
949324
949614
949622
949710
949803
949856
950025
950285
950616
950658
950812
950846
950852
950881
951254
951324
951467
951530
951627
951770
951965
952149
952186
952210
952242
952306
952338
952345
952471
952476
952497
952517
952654
952773
952922
952992
953144
953250
953349
953402
953423
953868
953937
954093
954205
954225
954275
954646
954780
954907
954924
954985
955138
955159
955188
955218
955286
955331
955366
955557
955631
955697
955701
955824
955872
955914
955931
955937
955962
956010
956056
956199
956247
956343
956393
956449
956458
956459
956721
956908
956961
957135
957166
957222
957593
957607
957766
957814
957881
957889
957893
957924
958036
958272
958515
958990
959070
959116
959141
959144
959442
959497
959531
959578
960119
960136
960370
960408
960429
960543
960545
960562
960586
960737
960780
960810
960821
960836
960859
960877
960921
960997
961075
961094
961340
961428
961446
961472
961493
961514
961532
961625
961763
961825
961872
962124
962129
962284
962356
962393
962486
962492
962529
962697
962718
962870
962922
963041
963222
963225
963476
963488
963490
963518
963559
963580
963588
963597
963717
963752
963901
964215
964227
964391
964789
964884
964929
965096
965141
965204
965391
965431
965457
965601
965613
966063
966076
966106
966169
966233
966268
966293
966341
966344
966351
966415
966473
966539
966636
966677
966845
967300
967422
967423
967579
967630
967864
967919
967964
967997
968090
968334
968395
968554
968596
968726
968898
968963
969006
969011
969179
969265
969269
969274
969464
969651
969684
969743
969744
969782
969817
969853
970145
970247
970263
970336
970427
970506
970609
970615
970800
970867
970935
970998
971002
971271
971371
971386
971527
971591
971598
971601
971657
971930
972116
972194
972274
972312
972485
972550
972586
972609
972630
972670
972691
972912
973193
973269
973338
973346
973445
974210
974314
974396
974435
974778
974820
974827
974842
974963
975170
975253
975342
975362
975552
975615
975646
975670
975875
976057
976067
976126
976129
976130
976373
976386
976389
976508
976559
976671
976758
976911
976953
977122
977160
977641
977707
977734
977781
977882
977907
977938
978084
978324
978377
978527
978541
978588
978771
978788
979008
979205
979226
979418
979676
980013
980471
980546
980605
980686
980708
980793
980844
981043
981054
981095
981127
981227
981465
981485
981751
981797
981830
982135
982264
982338
982514
982716
982801
982822
982928
983125
983152
983205
983226
983272
983360
983397
983467
983488
983558
983702
984117
984169
984248
984414
984434
984486
984687
984688
984723
984744
984811
984869
984936
985239
985429
985571
985675
985865
986191
986208
986365
986458
986632
986723
986852
986881
986914
986962
987077
987146
987182
987323
987480
987497
987611
987616
987687
988164
988239
988334
988380
988465
988497
988515
988523
988643
988812
988890
988967
989012
989086
989187
989485
989535
990070
990098
990278
990310
990388
990408
990447
990452
990558
990667
990683
990852
990956
991151
991156
991350
991368
991405
991441
991481
991546
991692
991696
991775
991857
991865
991906
992074
992099
992115
992354
992474
992728
992729
992774
992887
992901
993034
993192
993326
993348
993391
993395
993425
993571
993874
993908
994136
994250
994310
994364
994398
994415
994425
994435
994661
994674
994700
994991
994997
995021
995027
995189
995284
995725
995741
995850
995873
996112
996139
996164
996179
996234
996257
996328
996438
996486
996533
996585
996686
996722
996799
996915
996993
997029
997049
997076
997104
997137
997263
997418
997481
997588
997765
997788
997894
997982
998045
998051
998193
998207
998217
998271
998698
998772
998968
999078
999103
999203
999222
999238
999353
999556
999573
999637
999680
999857
999931
999974
Comparaes = 15604
Troca = 1388
