173
628
1958
2089
3043
4911
7083
7168
8950
10525
10973
13791
13988
15234
16523
17574
17719
18906
19613
20129
20870
20982
22571
22616
23718
23752
25497
26094
26288
27388
28698
28772
29742
32036
32804
33900
34161
35178
36257
36951
37610
38193
38245
39447
41401
41542
43975
44609
44778
45999
47229
49718
49993
50439
52967
55572
56233
57164
57187
57606
59092
62989
63382
63568
63700
64227
65299
66296
66902
67420
67615
67697
71121
71388
71577
73291
74369
74930
75687
75988
76789
77592
77906
78799
79022
83726
84083
86340
86757
87710
88363
91331
91901
91938
92253
93317
94202
95801
96206
96309
97395
98820
98970
99113
99346
100957
102056
102684
103373
103384
105884
106937
111451
112288
114348
114839
114868
115881
116974
118216
118558
119525
119612
120949
121580
121951
122401
123281
124421
125324
126524
128076
128107
129727
130744
131952
132503
134549
135339
135477
135818
135915
136719
137254
137306
137405
137708
138329
138485
140961
141358
142828
143539
143747
144767
146466
147524
147888
148222
148514
148778
148876
149981
150044
150596
152459
152795
153892
155116
156408
159048
159337
159580
159718
160096
160584
160587
161536
162548
162745
162914
163819
164717
165784
165812
166835
167215
167384
167403
168343
168709
169360
172088
172116
172807
173905
174247
177420
177431
179030
179828
183102
185830
186096
186411
189055
189198
191455
192051
196669
196905
197299
197789
198162
198767
199700
199992
200819
201117
203613
204261
204635
205634
206053
207075
207305
207346
207727
208161
208789
209872
210326
210495
211399
211789
212781
213002
213191
213272
214326
214435
215804
215991
216176
217107
218109
219486
220098
220599
220844
221442
222244
222678
223124
223305
225610
226996
227050
227379
227442
231736
233667
234733
235639
236419
237149
237808
241874
243937
244182
244276
244725
245823
247627
248244
248297
250330
251979
252626
252688
253709
254917
255435
256669
258025
259126
264507
264639
265209
267283
270714
273773
275989
276486
279510
280630
281087
282136
282354
284470
284653
284728
286367
287024
287286
287363
289080
291528
294066
295117
296344
297418
297851
300727
301115
301959
302329
303300
304140
305059
305869
306013
307888
309301
310645
311180
312255
312380
314962
316032
316113
317132
317781
317904
318384
318427
318984
319410
320287
320340
320703
320812
321464
321590
321839
321860
325263
325366
325538
326985
326992
327691
327827
327952
328152
328471
328596
329007
329274
330441
330625
331877
332320
334748
334908
335295
336305
336817
337235
337432
338587
338656
339430
342447
344182
345300
345321
346520
347113
348428
350475
351037
351666
355280
356816
357227
358545
358759
360123
360610
360986
361335
362402
363997
364139
364317
364397
364895
364900
366366
367976
368180
368247
369788
370326
370576
371360
371542
371749
372523
372625
373043
373775
374029
375249
375510
376223
376831
377149
378498
379089
382552
382805
386613
386735
390074
390348
392073
395275
395699
396584
397053
397925
400154
400624
402032
403167
404051
404291
405539
407130
407204
407358
407817
409355
409858
410321
414030
416117
416378
417317
417909
418646
418728
419945
420559
421082
425162
425721
428231
428709
430839
431404
431652
433471
433799
434432
435125
435303
441577
441805
443110
444624
446385
448466
449494
449569
450059
452839
454076
455086
456023
457795
458212
459358
459995
460272
460878
461045
461731
462242
462650
464428
464803
465840
467344
468169
469695
470019
470551
471715
472043
472402
473068
473823
475752
475790
475878
477245
479254
479757
481053
482011
482842
482921
483020
484592
487326
490963
491154
493970
494742
497034
497077
498114
498548
498813
499014
501101
501923
501987
503636
504620
505373
509333
510997
511028
511206
511481
511775
513151
513744
515386
518328
518888
521114
521976
522169
522415
522739
522924
524425
526260
526435
529399
530680
530896
531489
532985
534249
535616
535825
536703
537208
537879
539252
540013
540155
540261
540637
543002
543479
544231
544682
544752
545665
546664
547225
549951
550170
552482
553276
553539
553564
555048
555505
555801
556530
557267
558272
559778
560069
562258
564107
564647
567041
568631
569110
571107
577346
577474
579452
580003
580405
580415
581030
581614
584457
585067
585770
585797
585942
586887
587213
589295
589397
590452
593134
595594
596001
597012
597461
601784
601923
602317
603046
603576
603587
603665
605251
605312
605625
605928
606294
606343
606589
606714
609346
611205
612498
613114
613161
613909
615317
615793
616133
620489
621527
621617
622587
623106
624351
626742
628031
631562
631947
633729
633931
634645
634739
634845
637577
639076
639095
639169
639216
641768
642019
642210
643150
645666
645765
646118
646160
646807
647718
647905
648625
649054
652098
652264
653380
656580
657007
658542
658617
659865
661060
666208
666680
666709
669008
669853
673251
673448
674016
675836
676079
677019
678494
680234
681085
684019
685098
687141
688058
690466
691170
691375
691852
692256
692468
692481
693560
697128
699295
699573
700998
701371
701822
701889
702242
703005
704532
706244
709477
710163
711241
711761
712039
713718
713767
714746
718411
720528
723320
723327
728127
728826
731540
732323
732348
733186
734410
736346
736530
737421
738506
738920
739995
740085
742331
742392
742412
742682
743938
744271
745564
747121
748152
748658
748830
750519
750725
750897
751864
751866
752330
753930
755256
755841
756381
758158
758331
758741
762934
763759
765199
769612
769966
770649
771181
771759
773034
773458
773726
775927
776413
777115
778255
778965
779395
780826
783286
784844
785695
786468
787998
788713
789158
790061
790716
791006
791139
792202
792454
792606
795077
795840
798318
799745
800726
801450
801859
806185
806384
806418
807231
808094
808222
810853
811148
811580
816456
817502
819846
821608
822607
822694
823122
824178
824379
830063
830423
832164
834056
834138
835151
835706
836852
837063
839422
843229
845512
846759
847400
848130
848666
849801
853905
854987
855740
855942
858201
858386
859947
860087
860689
861640
861908
862071
862989
863627
865618
867963
868015
869482
869692
870063
870153
871577
871994
874295
874649
876539
878247
878371
879928
881690
882062
883007
884413
884511
886174
886611
888892
889177
891997
892281
892663
894391
894397
894688
895057
895921
896218
896545
896886
897824
898122
898511
898857
900936
901480
902223
904045
904226
904731
905179
905751
906146
906215
906629
907823
908378
910700
912033
912110
912995
913174
915111
915961
916815
918187
921002
921582
922238
923059
924667
925483
925545
926073
927018
928091
928455
929570
933050
933562
934047
937216
937315
938085
939103
939171
941310
941672
942952
944584
945336
946583
946854
949491
949876
951485
951561
954611
956099
957350
957911
958071
959053
959059
959758
960570
960594
962142
962554
963711
964652
968600
973855
974300
975055
975379
979783
980851
981333
981974
982885
982919
983413
983545
984211
984271
989178
989642
991899
992047
994124
994346
994786
995411
995893
996762
996937
997649
998470
999193
999372
999803
Comparações = 894
Troca = 208
