116
187
251
385
455
460
476
481
642
695
739
949
981
1220
1495
1497
1695
1750
1767
1898
2063
2113
2141
2263
2298
2327
2470
2477
2599
2743
2775
2794
2884
3080
3097
3140
3217
3564
3662
3866
3899
3929
4048
4294
4411
4597
4672
4725
4765
4795
4799
4896
4972
5038
5068
5202
5310
5476
5686
5767
5822
5877
5888
5976
6027
6093
6158
6161
6200
6224
6283
6300
6317
6329
6380
6606
6797
6875
6881
7013
7149
7331
7537
7634
7685
7852
7914
7999
8006
8015
8138
8219
8273
8340
8363
8405
8459
8592
8613
8691
8759
8920
9217
9499
9543
9633
9673
9818
9831
9849
10158
10232
10468
10519
10623
10803
10895
10948
10982
10992
11210
11304
11378
11406
11764
11862
11944
12031
12132
12219
12258
12298
12308
12329
12368
12593
12812
12883
12896
12930
12992
13262
13316
13622
13768
13804
13830
13839
13878
13893
13903
13936
14071
14072
14126
14141
14313
14369
14393
14424
14543
14623
14803
14990
15102
15110
15147
15253
15258
15334
15389
15630
15670
15719
15735
15969
16041
16083
16167
16186
16241
16248
16342
16388
16400
16429
16503
16584
16729
16746
17020
17031
17136
17339
17652
17654
17702
17849
17908
17989
18024
18253
18295
18374
18396
18501
18776
18885
18949
19154
19215
19271
19300
19325
19451
19556
19559
19782
19862
19934
19969
20130
20216
20474
20506
20598
20670
20720
20757
20825
20992
21014
21051
21229
21272
21692
21872
21949
21986
22013
22052
22077
22133
22167
22331
22337
22352
22393
22441
22487
22636
22639
22651
22690
22730
22789
22895
22917
22939
22970
23049
23333
23666
23696
23750
23819
23998
24016
24028
24068
24262
24363
24395
24430
24432
24500
24589
24755
25042
25080
25163
25203
25213
25366
25539
25555
25665
25675
25681
25757
25808
26027
26292
26354
26382
26445
26534
26552
26635
26982
27280
27372
27511
27534
27645
27944
27969
28068
28119
28341
28535
28561
28598
28630
28693
28706
28840
29006
29092
29183
29203
29206
29327
29434
29539
29554
29733
29954
30019
30030
30064
30198
30257
30362
30627
30696
30699
30730
30758
30921
30970
31219
31358
31390
31580
31647
31667
31840
31887
31901
32105
32118
32204
32421
32467
32525
32601
32613
32655
32735
32818
32879
32915
33107
33166
33194
33206
33211
33287
33293
33366
33511
33515
33587
33603
33786
33912
33977
34030
34067
34070
34205
34322
34353
34387
34510
34850
34906
34920
35064
35137
35161
35493
35575
35597
35685
35792
35804
35897
36108
36349
36353
36436
36525
36722
36827
36830
36982
36984
37095
37152
37440
37489
37592
37609
37659
37938
38048
38152
38306
38357
38633
38881
38903
38948
38967
39268
39578
39632
39737
39765
40238
40247
40256
40284
40327
40368
40406
40536
40613
40624
40629
40681
40950
40970
41214
41388
41442
41456
41964
42269
42419
42485
42599
42621
42752
42765
42767
42799
43132
43236
43511
43619
43673
43899
44244
44281
44362
44385
44386
44565
44723
44750
44873
44934
44948
44951
45044
45304
45452
45464
45467
45496
45537
45550
45709
45801
45905
45958
46045
46151
46174
46280
46388
46602
46793
46861
46888
47060
47120
47249
47266
47426
47678
47738
47743
47913
47931
47968
47969
48216
48474
48479
48788
48855
48921
49056
49077
49090
49159
49454
49661
49750
49821
49901
49917
50002
50048
50055
50065
50126
50399
50569
50722
50912
50974
50983
51111
51142
51147
51153
51216
51380
51422
51579
51850
51896
51906
51908
51930
51980
51999
52213
52252
52292
52391
52529
52582
52644
52700
52818
53221
53246
53348
53406
53501
53757
53776
53822
53837
54014
54092
54159
54289
54556
54656
54957
55021
55113
55188
55447
55458
55844
55851
55955
55979
55980
56044
56075
56255
56262
56322
56373
56537
56611
56701
56732
56801
56908
57089
57247
57437
57565
57654
57763
57836
57869
57892
58043
58044
58128
58360
58423
58847
58886
59223
59346
59435
59663
59818
60346
60363
60793
60851
60863
61088
61303
61375
61652
61769
61990
62126
62182
62211
62259
62271
62308
62309
62344
62651
62982
62987
63448
63559
63572
63654
63832
63875
64041
64122
64197
64219
64237
64312
64722
64876
64935
65059
65130
65425
65607
65744
65935
66029
66035
66100
66183
66354
66574
66858
66963
66991
67029
67169
67183
67394
67425
67464
67696
67784
67891
67928
68053
68267
68292
68299
68465
68606
68665
68809
68851
68883
68906
69050
69060
69062
69064
69088
69197
69308
69343
69486
69528
69739
69889
70053
70142
70160
70168
70180
70195
70214
70759
70800
70902
70958
70990
71154
71301
71378
71497
71594
71712
71770
71782
71824
71986
72291
72442
72478
72524
72627
72641
72664
72731
72800
72872
72914
72925
73026
73041
73080
73155
73197
73245
73597
73670
73718
73728
73796
73827
73943
74035
74109
74230
74322
74500
74740
74782
74803
74812
74817
74966
75126
75156
75187
75192
75204
75321
75421
75446
75490
75491
75625
75632
75726
75863
76043
76046
76099
76318
76453
76817
76922
77147
77224
77260
77341
77389
77404
77541
77577
77728
77880
77970
78003
78038
78045
78075
78117
78360
78397
78470
78596
78675
78788
78837
78865
78995
78996
79215
79250
79277
79494
79579
79656
79661
79662
79673
79725
79781
79862
79988
80174
80259
80265
80305
80388
80530
80545
80762
80891
80910
81019
81074
81435
81605
81619
81882
81901
81930
81963
81977
82039
82063
82116
82279
82364
82636
82668
82754
82824
82918
83564
83694
83837
83877
83960
84015
84097
84120
84335
84592
84595
84656
84718
84727
84850
84969
85225
85229
85275
85303
85571
85586
85712
85800
85892
85915
85955
86279
86402
86649
86700
87119
87147
87180
87279
87488
87765
87813
87820
87846
87926
88038
88050
88065
88183
88203
88335
88441
88448
88705
88731
88928
88951
89070
89078
89301
89373
89468
89487
89499
89526
89634
89765
89840
89860
89932
89933
90099
90178
90761
90922
90993
91149
91265
91347
91408
91481
91495
91496
91715
91835
91912
92021
92053
92341
92560
92566
92717
92771
92790
92834
93082
93131
93174
93192
93238
93329
93378
93409
93410
93442
93741
93949
94059
94124
94167
94244
94375
94446
94485
94490
94570
94609
94690
94761
95192
95367
95404
95406
95433
95440
95518
95534
95675
95737
95823
95929
95940
96012
96062
96202
96220
96243
96503
96721
96888
97036
97155
97202
97244
97425
97695
97713
97844
97921
98034
98394
98456
98495
98537
98539
98655
98674
98818
98823
98994
99000
99015
99024
99097
99132
99223
99390
99665
99692
99702
99841
100059
100191
100329
100338
100385
100387
100406
100761
101039
101382
101406
101503
101596
101781
101876
102020
102150
102200
102224
102478
102511
102580
102623
102882
103140
103244
103359
103600
103631
103658
103690
103770
104076
104279
104372
104383
104475
104569
104643
104747
104873
104876
105109
105204
105212
105322
105426
105460
105559
105578
105687
105820
105877
105886
106241
106544
106816
106866
106893
107099
107412
107436
107594
107640
107810
107980
108179
108286
108320
108417
108487
108510
108529
108646
108708
108715
108896
108933
109100
109105
109163
109340
109483
109599
109983
110117
110160
110171
110296
110315
110319
110332
110405
110438
110553
110563
110586
110868
110894
111025
111567
111595
111654
111692
111798
111816
111892
112075
112124
112136
112173
112182
112391
112425
112460
112504
112518
112949
112985
112996
113027
113134
113232
113341
113407
113474
113641
113864
114054
114085
114177
114231
114347
114385
114426
114495
114602
114629
114781
115023
115070
115076
115134
115157
115364
115377
115593
115747
115826
115980
116702
116813
116864
116875
116979
117001
117007
117042
117386
117408
117461
117522
117810
117824
117847
117891
118094
118103
118165
118168
118419
118497
118520
118612
118675
118699
118766
118868
119024
119306
119461
119516
119693
119726
119728
119751
119795
119946
120025
120060
120140
120167
120234
120277
120460
120476
120520
120569
120719
120739
120791
120850
120887
120965
121057
121262
121325
121360
121377
121643
121650
121690
121700
121721
121764
121780
121982
122134
122222
122254
122333
122403
122592
122593
122594
122636
123145
123234
123351
123409
123517
123659
123675
123926
124022
124082
124093
124508
124519
124559
124658
124675
124719
124727
124746
124989
125012
125241
125392
125442
125867
125922
126285
126586
126811
126936
126960
127074
127220
127221
127336
127337
127518
127571
127813
127929
127999
128190
128229
128409
128485
128590
128961
129003
129005
129083
129275
129421
129663
129742
129889
129927
129960
130134
130269
130401
130431
130457
130503
130556
130559
130779
130895
130914
130917
130947
130985
130996
131009
131199
131379
131495
131631
131652
131706
131787
131915
131917
131974
132040
132167
132573
132670
132782
132814
132849
133030
133039
133112
133115
133217
133256
133261
133419
133602
133921
133963
134011
134032
134069
134227
134260
134406
134480
134516
134548
134607
134612
134647
134761
134848
135032
135171
135617
135622
135831
135835
135983
136038
136360
136469
136752
136778
136791
136817
136927
137306
137349
137427
137461
137501
137760
137761
137872
138156
138176
138412
138422
138449
138489
138554
138612
138716
138983
139068
139229
139278
139297
139353
139683
139691
139708
139805
139956
140091
140105
140194
140220
140394
140401
140447
140736
140763
140774
140850
141066
141126
141253
141412
141516
141616
141689
141858
141913
142054
142088
142108
142177
142212
142320
142446
142737
142926
143498
143537
143565
143632
143670
143747
143860
144086
144120
144134
144135
144163
144242
144328
144370
144388
144389
144449
144495
144509
144683
144704
144791
144805
144867
144976
145103
145110
145238
145279
145359
145529
145559
145583
145594
145636
145721
145763
145927
145990
146147
146457
146469
146688
147180
147330
147338
147368
147501
147571
147600
147695
147816
147851
147994
148102
148116
148326
148367
148395
148456
148487
148637
148679
148787
148869
148872
149130
149298
149352
149382
149416
149495
149524
149585
149659
149771
149782
150055
150133
150371
150494
150554
150574
150686
150815
150846
150863
150963
151098
151113
151206
151455
151466
151497
151727
151774
151805
151821
151836
151964
152026
152199
152241
152459
152463
152524
152623
152651
152698
152768
152795
152812
152818
152851
152963
153092
153177
153248
153313
153724
153752
153971
153976
153983
154011
154057
154123
154128
154287
154296
154312
154526
154713
154731
154760
154900
154902
155247
155271
155367
155598
155640
155651
155700
155718
155724
155938
156045
156107
156128
156292
156397
156522
156629
156798
156887
156943
157000
157174
157203
157441
157481
157524
157611
157708
157754
157923
157976
157983
158246
158288
158323
158489
158516
158749
158769
158835
158848
158919
158929
158944
159207
159268
159354
159673
159692
159850
159986
160127
160156
160481
160770
160808
160909
160923
160945
160985
161326
161660
161724
161828
161939
162042
162217
162341
162442
162455
162480
162573
162603
162808
162899
162947
163023
163024
163130
163311
163346
163374
163379
163393
163451
163495
163610
163962
164087
164167
164189
164487
164525
164689
165167
165205
165325
165485
165653
165766
165840
165863
165884
165932
166003
166086
166111
166218
166256
166359
166562
166667
166738
166843
166891
167069
167260
167295
167340
167861
167882
167942
168000
168145
168178
168224
168287
168322
168422
168608
168644
168830
168906
168960
168966
169145
169391
169406
169454
169597
169617
169627
169666
169667
169675
169781
169796
170017
170108
170182
170187
170397
170438
170478
170656
170741
170788
170910
170930
171053
171096
171117
171199
171241
171251
171269
171362
171406
171412
171557
171577
171610
171662
171935
172212
172298
172309
172374
172539
172556
172657
172943
173004
173011
173091
173114
173213
173215
173440
173617
173732
173806
173918
174344
174510
174565
174735
174742
174908
174979
175066
175222
175434
175718
175772
175790
175930
176034
176101
176230
176377
176417
176441
176452
176573
176595
176692
176718
176742
176776
176835
176910
177184
177343
177412
177499
177574
177654
177699
177849
177960
178122
178153
178222
178331
178355
178422
178426
178747
178776
178807
179024
179610
179811
179918
180308
180435
180592
180711
180761
180853
180885
181051
181160
181186
181214
181259
181292
181324
181360
181429
181742
181744
181775
181858
181917
182062
182191
182382
182401
182489
182942
183289
183315
183448
183500
183517
183518
183580
183801
183830
183953
183958
184043
184109
184400
184491
184546
184554
184665
184782
184852
184889
184913
185031
185298
185423
185437
185461
185486
185784
185791
186028
186533
186601
186694
186759
186948
187067
187089
187218
187480
187592
187628
187789
187873
187930
187950
187966
188044
188095
188154
188286
188321
188399
188532
188551
188636
188749
189130
189145
189171
189287
189441
189741
189772
189871
189992
190109
190432
190535
190548
190794
190859
190870
190882
190889
190973
190985
191012
191118
191321
191352
191443
191478
191537
191644
191682
191756
191932
192174
192212
192282
192315
192332
192435
192557
192567
192766
193152
193209
193578
193606
193679
193709
193977
194051
194105
194109
194558
194616
194635
194764
194768
194821
195093
195148
195172
195223
195461
195464
195508
195808
195813
195838
195969
195976
196155
196191
196362
196389
196471
196549
196571
196635
196720
196746
197330
197352
197413
197459
197526
197791
197941
197984
197989
197990
198105
198113
198424
198492
198502
198590
198988
199046
199317
199329
199343
199645
199683
199694
200023
200050
200148
200166
200211
200383
200768
200896
200981
201066
201106
201204
201217
201492
201789
201899
201965
201992
202003
202006
202027
202180
202186
202212
202345
202512
202553
202674
202916
203036
203037
203134
203184
203223
203381
203492
203575
203588
203746
203767
203808
203973
204068
204159
204179
204650
204799
204801
204919
204967
205082
205168
205331
205529
205607
205641
205915
206071
206109
206130
206166
206391
206393
206396
206773
206850
206988
207178
207287
207290
207329
207334
207366
207399
207621
207643
207753
207850
207874
207879
208104
208127
208173
208240
208263
208360
208524
208590
208660
208684
208735
208779
208781
208891
208899
208921
208951
209081
209113
209222
209305
209413
209456
209500
209509
209524
209546
209556
209671
209695
209941
210208
210221
210390
210424
210462
210496
210837
211064
211114
211255
211529
211609
211680
211852
211991
212122
212375
212415
212468
212646
212695
212793
212810
212814
212884
212945
212969
213064
213224
213230
213311
213403
213419
213436
213651
213696
213755
213766
213881
213968
214279
214320
214338
214395
214406
214460
214478
214540
214542
214602
214640
214657
214737
214827
214884
215002
215161
215336
215353
215393
215589
215684
215720
215735
215836
215967
216070
216095
216357
216407
216527
216555
216618
216819
216933
217077
217265
217441
217494
217501
217866
218011
218126
218166
218289
218386
218397
218407
218483
218618
218812
218818
218837
219130
219246
219287
219414
219444
219572
219671
219691
219742
219758
219885
220026
220046
220138
220191
220280
220334
220394
220434
220495
220523
220591
220668
220726
220736
220845
220875
220930
221082
221183
221359
221379
221414
221599
221668
221715
221809
221820
221997
222047
222054
222254
222459
222521
222626
222627
222712
222757
222805
222861
222863
222903
223220
223318
223510
223573
223801
223832
224003
224287
224332
224387
224542
224560
224926
225064
225112
225182
225404
225749
225762
225852
225867
226087
226168
226233
226314
226446
226468
226525
226652
226700
226953
227135
227189
227420
227473
227732
228047
228051
228073
228129
228176
228202
228462
228483
228566
228568
228629
228723
228780
228804
228877
228960
228993
229008
229036
229188
229232
229365
229378
229414
229472
229559
229599
229628
229877
230047
230064
230098
230117
230127
230309
230341
230459
230606
230742
230771
230826
230914
231106
231364
231378
231381
231383
231560
231583
231596
231617
231657
231670
231730
231960
232054
232172
232193
232324
232596
232694
232903
233044
233046
233096
233129
233278
233373
233494
233508
233725
233838
233845
233888
233948
233965
233969
233980
234131
234152
234158
234464
234534
234619
234661
234682
234710
234714
234974
235146
235202
235226
235279
235317
235392
235822
236013
236151
236196
236400
236430
236464
236532
236536
236598
236782
236992
237129
237140
237173
237197
237312
237442
237464
237635
237780
237819
237844
237932
237943
238074
238139
238213
238281
238398
238493
238557
238600
238620
238693
238711
238860
238903
238958
239207
239248
239271
239330
239347
239467
239488
239728
239767
239798
239938
240189
240260
240322
240469
240506
240508
240531
240592
240599
240711
240936
241000
241125
241192
241276
241349
241452
241602
241722
241769
241836
241845
241851
241852
241928
242072
242145
242199
242401
242530
242535
242551
242689
242843
242872
243116
243150
243186
243453
243534
243550
243614
243819
243873
244015
244077
244317
244497
244680
244812
244830
244893
245103
245137
245224
245422
245562
245676
245859
246149
246159
246205
246526
246564
246599
246684
247020
247089
247142
247381
247512
247585
247682
247793
247857
247900
247933
248071
248156
248510
248516
248835
249094
249438
249458
249747
249923
250572
250580
250662
250665
250748
250761
250895
250901
250966
251032
251035
251038
251164
251365
251419
251500
251577
251681
251718
251928
252074
252182
252217
252249
252286
252384
252566
252825
252890
253008
253182
253269
253342
253421
253443
253572
253592
253636
253697
253887
253971
254016
254232
254236
254271
254510
254518
254524
254531
254550
254568
254689
254739
254864
254999
255107
255204
255327
255351
255385
255501
255846
255903
256030
256156
256431
256480
256517
256608
256841
256954
257150
257302
257306
257439
257699
257704
257784
257821
257853
258197
258551
258585
258654
258848
258963
259072
259162
259201
259295
259347
259513
259578
259618
259701
259703
259705
259867
259891
259952
260033
260142
260255
260309
260427
260519
260521
260570
260576
260621
260730
260925
260957
261014
261056
261190
261265
261270
261312
261435
261463
261486
261535
261552
261630
261907
261969
262121
262192
262351
262517
262529
262593
262707
262708
263164
263471
263582
263585
263597
263740
263861
263906
264094
264114
264128
264372
264393
264405
264727
264831
264932
264981
265037
265137
265340
265353
265411
265448
265458
265479
265556
265757
265799
266116
266128
266349
266486
266613
266698
266708
266740
266839
266879
266938
267227
267283
267297
267370
267427
267568
267569
267643
267754
267843
268155
268252
268364
268495
268499
269204
269375
269547
269593
269619
269656
269718
269878
269926
269979
270081
270356
270728
270827
271128
271144
271203
271240
271554
271650
271667
271827
271848
271922
272075
272127
272251
272259
272386
272517
272522
272697
272717
272758
272881
272896
272921
273063
273066
273097
273244
273644
273723
274393
274456
274467
274636
274797
274909
275058
275162
275326
275367
275408
275417
275486
275700
275752
275785
275870
275940
276003
276130
276160
276482
276677
276692
276891
277052
277229
277360
277416
277441
277510
277533
277637
277641
277767
277792
277905
278068
278078
278154
278201
278278
278299
278320
278360
278377
278560
278602
278775
278877
278886
278920
278930
279093
279114
279305
279399
279577
279664
279706
279718
279771
279820
279948
279950
280218
280280
280320
280357
280382
280496
280518
280536
280866
281097
281175
281242
281263
281277
281290
281297
281415
281417
281581
281899
281948
282193
282257
282545
282572
282636
282715
282819
282921
283060
283194
283363
283393
283506
283697
283722
283941
284086
284089
284131
284164
284437
284563
284707
284853
284858
284860
285241
285443
285525
285542
285580
285600
285604
285641
285668
285686
285687
285742
285754
285843
286071
286092
286184
286190
286226
286231
286254
286382
286479
286500
286574
286632
286854
286907
287206
287421
287860
287882
287948
287987
288137
288148
288156
288170
288182
288216
288229
288353
288433
288440
288594
288626
288665
288926
288996
289057
289376
289493
289513
289814
289819
289863
289891
289898
290024
290121
290148
290149
290400
290611
290740
290841
290962
290995
291002
291117
291305
291357
291362
291549
291553
291592
291766
292204
292430
292497
292563
292580
292616
292622
292811
293034
293353
293461
293620
293723
293732
293876
293888
293890
294221
294410
294462
294475
294495
294633
294755
294947
295210
295298
295457
295680
295740
295831
295838
295890
295920
296083
296151
296247
296523
296542
296593
296692
296812
296955
297035
297334
297450
297685
297713
297740
298034
298220
298253
298623
298631
298667
298703
298722
298731
298956
299083
299100
299128
299280
299433
299639
299653
299850
299919
300121
300317
300525
300553
300566
300577
300701
300960
300998
301004
301269
301362
301445
301574
301633
301818
301844
301918
301983
301997
302007
302068
302187
302258
302271
302305
302307
302385
302419
302593
302836
302868
303140
303161
303283
303408
303680
303726
303774
303795
303817
303838
303992
304150
304243
304427
304479
304551
304590
304712
304751
304782
304803
305012
305021
305044
305337
305400
305422
305524
305558
305567
305578
305703
305712
305874
305934
306029
306192
306328
306369
306400
306503
306510
306628
306633
306634
306722
306764
306768
306944
306982
307005
307041
307125
307164
307177
307314
307561
307700
307759
307761
307796
307888
308271
308502
308556
308568
308624
308860
308898
308901
308912
308930
309138
309266
309296
309337
309355
309455
309709
309788
309843
309844
309872
309924
310076
310080
310083
310114
310184
310301
310362
310558
310559
310573
310633
310746
310766
310831
310932
310937
310941
311263
311351
311513
311703
311743
311756
311762
311896
312078
312089
312307
312311
312317
312379
312428
312508
312566
312746
312750
312814
313187
313384
313518
313538
313691
313748
313800
314014
314147
314193
314490
314701
314838
314878
314986
315415
315486
315536
315630
315833
316012
316019
316280
316576
316577
316689
316715
316724
316853
316866
316884
316907
316929
317018
317106
317127
317307
317332
317427
317469
317478
317522
317849
318005
318046
318487
318551
318643
318849
319099
319207
319236
319277
319369
319441
319447
319598
319674
319709
319802
319874
319958
320005
320021
320122
320356
320385
320581
320584
320741
320803
320896
320988
321113
321144
321253
321256
321268
321287
321321
321328
321333
321385
321978
321998
322088
322261
322568
322577
322616
322758
322811
323086
323139
323194
323225
323315
323318
323348
323433
323489
323556
323574
323682
323786
323817
323823
323885
323941
323987
324003
324089
324124
324216
324221
324257
324342
324473
324481
324495
324531
324605
324627
324796
324908
324925
324990
325113
325114
325138
325181
325208
325251
325698
325719
325843
325848
325875
325974
326372
326490
326546
326580
326717
327201
327558
327607
327662
327713
327913
327944
328039
328073
328092
328197
328461
328467
328471
328479
328689
328792
328809
328873
328922
329410
329500
329517
329598
329836
329852
329855
329859
329905
329965
329990
330163
330340
330387
330405
330410
330750
330769
330797
330798
331000
331395
331497
331698
331747
332209
332216
332308
332528
332540
332629
332722
332726
332743
332808
332863
332974
333071
333091
333121
333188
333504
333542
333716
333750
333807
333921
333967
333986
334109
334160
334616
334681
334769
335278
335379
335409
335424
335568
335572
335754
335766
335776
335857
336143
336290
336515
336625
336751
336852
336909
337002
337086
337098
337205
337214
337267
337348
337384
337444
337617
337760
338041
338143
338256
338480
338494
338542
338579
338844
339162
339333
339377
339485
339541
339566
339693
339753
339883
339929
340066
340288
340339
340343
340408
340449
340543
340599
340638
340701
340773
340776
340824
340981
341042
341043
341319
341379
341746
341789
341893
341894
342061
342175
342220
342336
342456
342739
342826
342833
343104
343474
343572
343585
343765
344175
344188
344212
344322
344426
344450
344465
344594
344726
344727
344748
345014
345290
345329
345349
345579
345582
346036
346093
346138
346141
346597
346859
347236
347275
347569
347617
347717
347735
347746
347795
348017
348108
348272
348301
348335
348406
348574
348619
348651
348720
348763
348903
348960
349000
349079
349121
349148
349267
349508
349647
349717
349724
349905
350001
350198
350430
350542
350701
350890
350937
351057
351100
351151
351152
351521
351701
351736
351740
351849
351920
351950
351997
352232
352328
352432
352652
352748
352879
352900
352939
352943
352969
353040
353138
353377
353383
353547
353554
353793
353952
353954
353991
354297
354330
354552
354581
354621
354638
354699
354990
354999
355114
355207
355257
355277
355325
355387
355468
355513
355543
355660
355804
355858
355925
356120
356220
356343
356568
356651
356798
356819
356931
357001
357083
357159
357160
357279
357404
357455
357508
357538
357559
357578
357639
357983
358047
358187
358252
358314
358757
358818
358835
359002
359066
359153
359173
359334
359552
359579
359596
359935
360039
360150
360191
360210
360333
360417
360438
360469
360676
360751
360909
360969
361008
361021
361062
361158
361532
361842
361869
361961
361964
362064
362119
362332
362335
362466
362771
363039
363132
363304
363651
363682
363838
363881
363968
364166
364276
364346
364385
364416
364518
364597
365111
365118
365276
365326
365399
365482
365488
365550
365750
365808
365881
365890
365902
365945
365956
366101
366287
366365
366456
366941
366966
367102
367171
367285
367303
367428
367737
367849
368067
368072
368074
368354
368474
368499
368553
368691
368830
369242
369474
369820
369825
369831
370086
370270
370308
370403
370459
370482
370501
370711
370800
370822
370956
371091
371116
371193
371200
371894
371897
372007
372053
372299
372360
372643
372713
372771
372777
372877
372928
372935
372968
373073
373106
373135
373248
373449
373494
373586
373670
373744
373758
373929
373999
374126
374142
374244
374306
374547
374633
374637
374872
375055
375209
375294
375320
375395
375467
375679
375720
375929
376063
376285
376365
376413
376495
376563
376565
376906
376943
377306
377488
377794
377825
377928
378088
378207
378421
378869
378994
379053
379120
379256
379261
379265
379632
379688
379952
380025
380118
380155
380537
380634
380733
380964
380977
380997
381149
381151
381152
381200
381270
381478
381617
382210
382245
382270
382344
382359
382368
382422
382497
382554
382805
382855
382923
382962
383138
383192
383209
383283
383574
383758
383869
383946
384054
384063
384149
384175
384196
384284
384332
384682
384982
385196
385381
385445
385719
385821
385912
386085
386097
386098
386107
386270
386385
386472
386578
386637
386672
386690
386765
387005
387094
387186
387203
387209
387262
387394
387457
387563
387576
387594
387596
387806
387869
387892
387977
388327
388350
388523
388645
388741
388860
388996
389003
389095
389108
389256
389349
389358
389368
389401
389464
389579
389588
389787
389819
389968
390042
390244
390263
390619
391080
391151
391168
391532
391572
391603
391621
391686
391955
392144
392314
392413
392442
392511
392728
392820
392996
393056
393116
393237
393262
393439
393485
393634
393645
393700
393709
393851
394177
394217
394431
394526
394607
394693
394792
394893
395129
395209
395288
395310
395358
395537
395798
395856
395910
395941
396012
396145
396326
396334
396450
396849
396925
397016
397137
397165
397171
397205
397265
397429
397605
397620
397623
397689
397911
398136
398160
398251
398356
398392
398478
398504
398670
398711
398990
399069
399107
399319
399357
399369
399383
399400
399529
399834
399895
400033
400062
400280
400422
400466
400491
400654
400724
401263
401390
401439
401565
401570
401682
401704
401722
402038
402114
402136
402239
402356
402390
402586
402699
402800
402886
402905
403277
403486
403585
403996
404045
404160
404251
404302
404430
404460
404668
404777
404921
404943
404985
405043
405091
405145
405344
405360
405365
405472
405485
405610
405635
405780
405821
405855
405863
406611
406656
406721
406723
406964
407085
407131
407226
407271
407319
407360
407370
407380
407425
407473
407509
407570
407785
407803
407944
407958
407998
408023
408161
408165
408292
408317
408348
408368
408722
408824
409011
409158
409292
409478
409560
409585
409633
409720
409939
410119
410176
410207
410624
410840
410852
410946
411040
411082
411125
411237
411244
411487
411502
411512
411563
411565
411742
411817
411833
411922
411991
412102
412350
412507
412727
412890
412921
412987
413140
413208
413224
413228
413285
413315
413317
413578
413727
413822
414175
414191
414324
414385
414471
414515
414568
414589
414636
414677
414766
414842
414889
414914
414926
414960
415053
415068
415136
415195
415249
415310
415376
415517
415682
415837
415875
415886
415894
415922
415942
415982
416207
416395
416586
416636
416639
416676
416816
416838
416885
416962
416973
417110
417192
417206
417211
417243
417389
417468
417509
417606
417933
418083
418206
418238
418279
418347
418465
418563
418564
418647
418655
418688
418723
418741
418820
418873
419008
419327
419403
419493
419511
419530
419671
419711
420050
420093
420235
420292
420327
420475
420525
420566
420712
420723
420802
420804
420868
421097
421195
421214
421221
421293
421294
421316
421349
421372
421373
421410
421421
421747
421767
421880
422015
422035
422047
422076
422146
422172
422252
422390
422391
422653
422691
422762
422764
422851
423115
423128
423233
423446
423597
423856
424026
424039
424110
424129
424230
424239
424262
424339
424374
424449
424532
424714
425027
425213
425306
425590
425694
425753
425785
425800
425831
425857
425891
425974
426131
426208
426227
426268
426288
426329
426380
426384
426478
426682
426709
426800
426974
427060
427107
427260
427286
427368
427477
427571
427713
427725
427761
427930
428042
428053
428064
428068
428077
428134
428198
428223
428250
428316
428362
428410
428455
428527
428567
428701
428729
428751
428847
428937
429013
429201
429362
429618
429870
429892
429899
430195
430323
430682
430971
431155
431267
431457
431542
431594
431632
431795
431925
432060
432088
432329
432336
432337
432373
432662
432762
433087
433172
433322
433619
433828
434000
434176
434267
434317
434429
434437
434466
434592
434712
434924
434940
435018
435107
435141
435256
435350
435413
435487
435488
435626
435706
435709
435781
435821
435891
435906
436036
436088
436101
436347
436501
436574
436587
436751
436808
436812
436877
436879
436981
436996
437167
437248
437287
437342
437416
437465
437487
437538
437692
437783
437937
438139
438248
438272
438294
438652
438856
439010
439136
439458
439468
439513
439607
439617
439679
439761
439877
439896
439928
439959
440002
440006
440036
440142
440186
440272
440366
440367
440451
440452
440610
440617
440647
440693
440741
440788
440816
440963
441139
441381
441382
441493
441633
441650
441774
441819
441968
442022
442198
442287
442348
442423
442486
442667
442678
442707
442807
442877
442890
443045
443187
443326
443476
443530
443622
443636
443855
443856
443933
444068
444092
444100
444146
444176
444239
444526
444587
444607
444621
444657
444931
445121
445351
445444
445756
445759
445859
445947
446344
446439
446582
446851
446944
447135
447170
447198
447281
447401
447406
447411
447673
447739
447905
447917
447975
447997
448050
448067
448078
448086
448327
448507
448652
448654
448767
449007
449036
449062
449244
449260
449384
449411
449613
449761
449767
449826
449890
449901
449950
449973
450118
450141
450274
450405
450461
450652
450769
450862
450939
451003
451103
451126
451176
451364
451404
451405
451713
451744
451893
452221
452256
452278
452505
452583
452626
452678
452687
452705
452829
452898
453175
453215
453221
453291
453375
453380
453451
453474
453620
453693
453720
453729
453767
453769
453788
453796
453921
454009
454052
454105
454196
454237
454239
454377
454410
454455
454607
454729
455057
455069
455079
455145
455360
455482
455566
455601
455623
455754
455853
455875
455914
456001
456284
456444
456627
456649
456656
456779
456820
456838
457209
457313
457421
457425
457818
457829
457988
458386
458426
458560
458707
458951
459030
459171
459196
459469
459532
459595
459932
460002
460033
460085
460123
460396
460460
460536
460622
460759
460831
460944
461034
461109
461156
461340
461428
461509
461624
461643
461728
461981
462212
462223
462371
462485
462519
462863
462911
462957
463025
463263
463367
463426
463427
463453
463470
463548
463634
463708
463755
463790
463886
464003
464043
464091
464182
464277
464379
464536
464874
464926
465006
465042
465356
465411
465421
465552
465558
465574
465664
465831
465854
465883
465921
466007
466022
466104
466435
466462
466468
466531
466613
466736
466932
467036
467070
467371
467415
467447
467452
467498
467578
467679
467820
467833
467883
467970
467975
467985
467987
468313
468794
468798
468867
468970
469052
469057
469069
469277
469296
469339
469362
469471
469517
469535
469753
469826
469879
469917
469973
470089
470116
470267
470308
470415
470436
470557
470652
470672
470712
470717
470777
470911
470967
471045
471085
471121
471401
471494
471510
471651
471709
471979
471990
472219
472255
472485
472568
472590
472683
472808
472922
472965
473197
473421
473506
473512
473670
473684
473815
473820
473853
473872
474001
474120
474171
474183
474457
474465
474698
474804
474865
474975
475098
475217
475352
475441
475516
475597
475687
475761
475846
475891
476042
476093
476124
476345
476398
476513
476767
476905
476907
476910
476930
477091
477192
477199
477278
477279
477314
477318
477352
477524
477531
477574
477628
477658
477663
477892
477920
477967
478182
478191
478459
478649
478684
478830
478917
478931
479128
479351
479391
479528
479763
479827
480067
480087
480266
480292
480307
480355
480445
480509
480564
480614
480679
480681
480718
480770
480839
480890
480892
480894
480923
480939
481006
481089
481166
481328
481348
481396
481489
481549
481629
481715
481957
482090
482101
482158
482299
482349
482564
482608
482630
482659
482694
482760
482905
482939
483065
483185
483208
483428
483436
483445
483506
483563
483615
483623
483630
483641
483908
483975
483979
484020
484294
484302
484304
484403
484536
484648
484808
484959
485097
485105
485232
485291
485333
485520
485530
485531
485584
485606
485672
486134
486367
486405
486455
486456
486520
486568
486673
486690
486915
486941
487099
487162
487196
487263
487269
487403
487444
487460
487581
487904
487966
488097
488417
488548
488641
488650
488784
488800
488819
489031
489089
489227
489430
489466
489621
489713
489798
489857
489870
489976
490048
490244
490383
490545
490546
490584
490596
490599
490768
491119
491260
491349
491404
491482
491543
491546
491596
491833
491850
491930
491996
492170
492183
492265
492276
492421
492537
492559
492637
492766
492797
492842
492926
493130
493184
493229
493283
493328
493377
493469
493585
493743
493760
494322
494421
494791
494821
494957
494985
494988
495025
495032
495061
495123
495157
495208
495351
495400
495532
495535
495799
495815
496039
496061
496121
496360
496449
496460
496527
496664
496733
496956
497301
497403
497558
497569
497699
497769
497858
498043
498133
498146
498277
498282
498285
498365
498387
498482
498718
498760
498860
499040
499131
499166
499342
499406
499633
499806
499931
499961
500073
500216
500458
500480
500582
500653
500834
500848
501170
501186
501215
501489
501492
501518
501628
501839
501974
501990
502151
502474
502489
502675
502714
502897
502901
502944
502982
503225
503302
503429
503559
503616
503798
503910
504121
504319
504383
504416
504491
504497
504508
504598
504678
504953
505063
505073
505210
505362
505447
505472
505771
505924
505977
506047
506065
506096
506336
506358
506379
506447
506665
506816
507060
507272
507633
507708
507912
508022
508097
508104
508107
508161
508302
508325
508417
508420
508610
508745
508837
508925
509014
509036
509090
509121
509345
509357
509414
509466
509540
509576
509600
509614
509719
509958
510021
510182
510190
510236
510300
510329
510348
510529
510559
510660
510682
510745
511015
511024
511051
511073
511147
511148
511219
511677
512072
512188
512300
512536
512663
512731
512885
513101
513282
513404
513638
513675
513802
513980
514029
514030
514136
514148
514200
514205
514258
514557
514771
515030
515062
515158
515353
515384
515450
515579
515599
515691
515709
515946
516158
516174
516200
516275
516327
516436
516481
516485
516486
516536
516550
516560
516716
516815
516837
516974
516992
516999
517111
517452
517687
517811
517824
517829
517921
517950
518013
518029
518093
518128
518174
518245
518256
518260
518322
518407
518441
518644
518698
518738
518899
519000
519041
519087
519128
519174
519326
519420
519457
519469
519634
519639
519671
520033
520155
520177
520220
520353
520503
520554
520556
520722
520772
520894
521004
521071
521100
521105
521108
521192
521304
521337
521358
521431
521452
521458
521483
521541
521781
521875
522003
522125
522142
522176
522184
522215
522330
522437
522453
522466
522636
523019
523390
523623
523850
523878
523910
524187
524288
524551
524583
524647
524653
524823
525049
525086
525175
525249
525250
525308
525335
525391
525435
525608
525698
525710
525794
525814
525869
526184
526476
526484
526508
526605
526608
526984
527102
527266
527268
527320
527348
527389
527459
527543
527635
527674
527707
527710
527732
527822
527935
528011
528176
528210
528280
528338
528660
528928
528982
528984
529400
529984
530484
530544
530618
530690
530698
530799
530924
530956
531157
531334
531535
531751
531868
531928
532019
532247
532258
532336
532407
532553
532581
532675
532682
532891
532931
533022
533138
533309
533520
533580
533589
533638
533742
533764
533915
533963
534176
534230
534425
534429
534526
534612
534888
534995
535333
535395
535398
535406
535411
535659
535744
535863
535945
536003
536190
536215
536347
536358
536468
536527
536605
536625
536735
536770
536787
536865
537047
537054
537113
537139
537225
537535
537564
537600
537633
537686
537728
537735
537781
537942
538120
538197
538219
538384
538390
538891
538920
539223
539396
539549
539643
539854
539924
540232
540285
540372
540401
540554
540937
540956
540960
541238
541289
541353
541413
541544
541545
541669
541683
541815
541852
542211
542408
542429
542588
542711
542806
542829
542839
542937
543014
543327
543603
543604
543608
543655
543681
543773
543800
543869
543903
543904
544014
544035
544174
544536
544548
544573
544591
544597
544621
544777
544788
544967
545009
545117
545146
545179
545360
545452
545465
545568
545585
545795
546010
546054
546066
546212
546216
546450
546475
546511
546525
546686
546721
546722
546975
546994
547034
547452
547512
547576
547627
547749
547840
547945
547955
547956
547969
548043
548088
548400
548681
548688
548719
548774
548864
548936
549010
549040
549175
549217
549333
549640
549712
549752
549874
549879
550042
550050
550111
550243
550390
550479
550582
550592
550659
550866
551041
551201
551325
551353
551439
551743
551754
551878
551968
552039
552084
552107
552250
552514
552722
552752
552843
552931
552937
553003
553062
553172
553353
553437
553559
553608
553644
553652
553764
553861
553917
553985
554004
554120
554149
554248
554934
555211
555258
555304
555691
555890
555914
556106
556223
556291
556425
556433
556487
556721
556882
556907
557112
557152
557314
557383
557413
557450
557508
557585
557622
557648
558006
558051
558160
558161
558180
558345
558409
558497
558531
558708
558804
558840
558896
558900
559111
559223
559308
559432
559440
559477
559581
559616
559701
559954
559997
560152
560173
560180
560259
560368
560374
560384
560547
560628
560699
560736
560737
560811
561348
561526
561561
561597
561698
561858
561996
562035
562332
562419
562420
562451
562680
563056
563130
563354
563550
563592
563710
563731
563837
563964
564216
564278
564360
564481
564655
564746
564777
564837
564885
564949
565050
565080
565096
565135
565299
565365
565405
565497
565692
565761
565797
566010
566178
566181
566182
566313
566341
566446
566462
566594
566615
566747
566785
566898
566923
566987
567171
567178
567207
567215
567342
567644
567695
567733
567735
567737
568050
568215
568282
568283
568409
568953
569054
569104
569271
569403
569953
569993
570035
570061
570103
570214
570321
570360
570367
570430
570489
570611
570687
570697
570855
570951
571045
571057
571089
571410
571559
571609
571745
571802
572047
572552
572702
572867
572946
573007
573091
573095
573102
573347
573443
573552
573696
573803
574029
574062
574126
574141
574232
574338
574377
574476
574621
574898
574905
575248
575269
575290
575299
575377
575442
575482
575586
576029
576048
576100
576187
576233
576420
576470
576517
576586
576749
576878
576962
577077
577123
577146
577212
577327
577346
577583
577659
577665
577685
577858
577865
578025
578027
578222
578498
578512
578827
578977
579080
579100
579130
579217
579339
579388
579399
579459
579542
579590
579787
579885
579896
580018
580042
580525
580686
581049
581075
581377
581508
581510
581619
581707
581794
581941
581992
582091
582150
582177
582183
582244
582262
582305
582663
582792
582939
583024
583143
583275
583332
583481
583549
583645
583681
584022
584081
584130
584318
584393
584445
584503
584529
584555
584619
584728
584868
584899
585024
585089
585153
585279
585326
585351
585369
585393
585481
585512
585574
585593
585694
585792
585836
585882
585930
585958
586167
586212
586353
586474
586545
586685
586754
586780
586835
586839
586862
586990
587041
587154
587162
587227
587244
587366
587520
587845
587887
587895
587990
588074
588110
588226
588251
588290
588770
588800
588900
588912
588992
589022
589098
589175
589381
589486
589539
589660
590060
590077
590122
590510
590572
590760
590773
590958
591118
591241
591407
591533
591601
591725
591841
592021
592032
592046
592131
592132
592258
592285
592363
592393
592432
592450
592477
592519
592683
592745
592793
592897
593015
593146
593173
593530
593805
593987
594178
594302
594314
594579
594947
594958
594990
595199
595268
595480
595701
595995
596070
596372
596383
596515
596521
596609
596679
596713
596815
597048
597096
597097
597605
597719
597732
597849
597931
598181
598208
598241
598280
598388
598562
598564
598578
598633
598677
598695
598855
598882
598918
598993
599341
599545
599579
599592
599634
599787
599797
599956
600098
600313
600385
600430
600645
600798
600818
600981
601019
601062
601107
601157
601180
601275
601607
601626
601694
601811
601921
601986
602061
602115
602168
602217
602243
602315
602322
602474
602698
602826
603051
603114
603150
603358
603582
603618
604015
604103
604377
604424
604438
604454
604536
604610
604657
604716
604925
604939
604953
605089
605106
605175
605238
605376
605382
605424
605491
605593
605648
605775
605781
605874
605882
606042
606108
606213
606283
606450
606510
606598
606715
606786
606789
606790
606848
607241
607377
607501
607755
607924
607925
607967
607970
608022
608183
608356
608630
608776
608814
608845
608969
609004
609537
609748
609819
609893
610050
610114
610201
610298
610829
610854
610885
611071
611086
611212
611363
611617
611706
611867
612004
612372
612390
612599
612626
612641
612685
612867
612872
612945
612954
613214
613303
613471
613754
613826
613875
613906
614054
614112
614141
614175
614425
614529
614610
614650
614664
614680
614713
614779
614956
614988
615440
615627
615998
616143
616153
616210
616588
616920
617116
617141
617218
617225
617290
617524
617658
617753
617857
617974
618049
618059
618110
618164
618636
618733
618743
619061
619262
619567
619724
619751
619887
619964
619995
620065
620099
620309
620398
620488
620500
620692
620753
620874
620947
621176
621471
621660
621682
621778
621787
621829
621902
621982
622117
622359
622415
622446
622617
622816
623278
623339
623516
623521
623650
623780
623860
624261
624533
624558
624559
624641
624807
624868
624878
624932
625079
625152
625458
625546
625565
625581
625613
625741
625838
625913
625917
625926
626130
626451
626518
626533
626601
626603
626614
626828
626836
626850
626861
626912
627005
627283
627663
627664
627724
627753
627781
627795
627938
628029
628188
628200
628233
628237
628397
628525
628585
628776
628784
628810
628850
628860
629006
629100
629174
629474
629558
629748
629861
629910
629984
630023
630062
630149
630434
630664
630904
631004
631435
631529
631703
631727
631942
631987
632072
632109
632112
632385
632410
632630
632662
632697
632754
633008
633127
633170
633218
633250
633269
633609
633748
633798
633853
633866
633904
633963
633980
633996
634078
634267
634301
634407
634447
634502
634588
634631
634737
634781
634824
634828
634991
635000
635249
635306
635334
635357
635513
635602
635613
635627
635643
635696
635756
635765
635812
635920
636013
636244
636252
636321
636364
636646
636801
636874
636956
637081
637091
637355
637531
637683
637714
637902
638095
638119
638223
638310
638373
638418
638486
638925
639006
639026
639239
639308
639435
639493
639524
639527
639598
639629
639686
639742
639748
639838
639898
639998
640199
640251
640545
640564
640883
640928
640937
640988
641126
641204
641210
641558
641657
641777
641814
642235
642447
642487
642570
642650
642651
642796
643037
643221
643224
643305
643441
643506
643665
643822
643915
643959
643962
644015
644032
644266
644281
644465
644473
644685
644731
644765
645065
645099
645135
645238
645328
645355
645391
645399
645416
645657
645717
645844
645932
645988
645989
645994
646147
646150
646357
646376
646442
646485
646895
647109
647175
647187
647316
647464
647688
647855
648068
648137
648265
648647
648774
648915
648948
649091
649200
649277
649292
649348
649560
649617
649924
650340
650512
650593
650634
650665
650776
650914
650985
651024
651029
651097
651138
651208
651235
651285
651304
651394
651529
651536
651924
652037
652151
652360
652424
652487
652650
652674
652847
652852
652886
652922
653136
653397
653468
653523
653865
653926
653982
653984
653999
654125
654142
654158
654160
654255
654432
654549
654615
654729
654809
654868
655041
655078
655079
655137
655158
655190
655246
655287
655342
655495
655537
655556
655581
655650
655654
655749
655916
655922
655984
656098
656112
656228
656353
656381
656408
656469
656473
656522
656579
656639
656901
657100
657239
657261
657834
657918
657937
657970
658124
658222
658261
658335
658383
658462
658559
658579
658650
658734
658810
658842
659164
659251
659273
659498
659563
659835
659955
659992
659993
660035
660158
660231
660249
660260
660298
660303
660308
660329
660338
660424
660707
660773
660875
660907
661173
661188
661225
661306
661362
661415
661604
661623
661781
661827
661870
661879
661901
661902
661952
662117
662215
662436
662438
662648
662751
663083
663135
663160
663281
663309
663323
663388
663505
663650
663674
663912
663927
664062
664102
664135
664148
664158
664193
664310
664313
664314
664353
664801
664925
665461
665507
665581
665761
665867
665880
665925
665940
665953
666015
666101
666104
666176
666294
666310
666336
666409
666487
666488
666565
666604
666814
666933
666985
667002
667219
667461
667683
667940
667974
667977
667981
668016
668149
668180
668264
668438
668505
668621
668765
668839
669084
669098
669276
669329
669356
669440
669508
669536
669665
669666
669725
669802
670398
670514
670593
670653
670723
670799
670839
671113
671164
671229
671511
671521
671578
671923
671993
672021
672151
672153
672158
672168
672418
672589
672614
672628
672665
672688
672755
672793
672900
673378
673391
673445
673520
673749
673804
673836
673865
674011
674019
674152
674160
674358
674413
674424
674519
674659
674677
674706
674712
674754
674834
674863
675104
675166
675185
675332
675423
675556
675744
675953
675962
675999
676012
676350
676561
677070
677079
677126
677193
677227
677325
677519
677554
677569
677684
677804
678098
678155
678206
678301
678318
678406
678529
678651
678822
679045
679132
679246
679316
679365
679379
679416
679478
679481
679534
679671
679902
679917
680244
680633
680640
680835
680836
680845
680893
680981
681365
681561
681709
681744
681874
681904
681954
682111
682124
682225
682259
682660
682725
682751
682759
682811
682884
682940
683154
683191
683237
683304
683316
683353
683357
683360
683428
683517
683702
683992
684005
684024
684056
684109
684127
684151
684205
684583
684596
684634
684751
684768
684798
684813
684860
684962
685276
685297
685315
685335
685396
685459
685550
685600
685617
685718
685827
685967
686205
686405
686492
686700
686715
686743
686805
686956
687199
687207
687290
687306
687438
687592
687724
687773
687791
687821
687842
687908
688118
688218
688223
688269
688321
688696
688839
688852
689021
689030
689032
689069
689107
689125
689251
689283
689318
689338
689386
689711
689714
689732
689776
689819
689881
689906
689958
690028
690241
690489
690526
690590
690900
690910
690933
690935
690987
691117
691154
691233
691425
691463
691535
691554
691626
692099
692300
692303
692429
692562
692650
692690
692937
693185
693312
693364
693366
693591
693594
693668
693774
693813
693907
693967
694265
694337
694338
694780
694798
694924
695086
695187
695191
695220
695225
695296
695626
695636
695663
695669
695679
695726
695983
696012
696066
696074
696144
696234
696271
696428
696480
696602
696614
696699
696730
696733
696795
696799
696899
697088
697099
697307
697314
697330
697336
697413
697493
697647
697926
697965
698319
698335
698503
698723
698732
698851
698875
698897
699071
699164
699407
699417
699492
699499
699581
699760
699775
699783
699816
699861
700001
700082
700096
700171
700250
700350
700415
700558
700726
700741
700788
701080
701127
701187
701232
701292
701428
701496
701558
701590
701709
701757
702051
702076
702085
702125
702232
702236
702237
702245
702247
702252
702264
702356
702414
702434
702553
702576
702595
702869
703081
703409
703480
703490
703664
703815
703859
703895
703946
703966
704285
704323
704405
704455
704485
704518
704551
704602
704671
704729
704796
704811
705137
705880
705956
706078
706151
706220
706233
706292
706387
706454
706792
706971
706978
707007
707050
707056
707057
707060
707293
707297
707359
707367
707449
707505
707590
707707
707879
707926
708057
708075
708229
708280
708323
708371
708392
708395
708573
708718
708766
708896
708925
709147
709180
709200
709267
709864
710072
710140
710150
710345
710351
710512
710580
710682
710737
710763
710947
710966
711156
711459
711608
711609
711611
711694
711774
711843
711868
712215
712254
712399
712415
712437
712487
712534
712570
712603
712689
713019
713091
713411
713493
713495
713545
713673
713855
713862
713980
714056
714171
714298
714371
714423
714465
714591
714623
714796
714803
714820
714869
714954
715269
715381
715448
715634
715657
715671
715719
715728
715858
715977
716041
716312
716459
716556
716615
716621
716652
716779
716808
716836
716841
716943
717086
717208
717238
717383
717532
717774
717780
717931
717960
718033
718080
718121
718126
718421
718464
718535
718565
718802
718818
718819
718920
719058
719147
719586
719960
720090
720527
720614
720645
721020
721137
721143
721294
721424
721439
721699
721714
721787
721827
721837
721863
721868
722055
722098
722159
722345
722365
722557
722615
722831
723083
723211
723404
723407
723414
723450
723467
723532
723553
723577
723839
724122
724133
724165
724212
724223
724274
724309
724544
724580
724727
724743
724783
725171
725189
725267
725291
725352
725448
725493
725640
725647
725752
725847
726154
726474
726574
726724
726933
726938
726996
727204
727306
727420
727465
727693
727700
727702
727824
727852
728017
728202
728247
728340
728375
728376
728570
728715
728829
728830
728875
728881
728898
728996
729032
729163
729598
729605
729766
729840
729975
730092
730300
730398
730466
730489
730713
730715
731041
731050
731131
731329
731337
731351
731390
731482
731494
731561
731683
731689
731816
731987
732064
732097
732101
732417
732515
732684
732688
732735
733015
733047
733063
733077
733106
733366
733384
733437
733489
733513
733531
733563
733591
733602
733613
733651
733741
733911
733964
734124
734206
734260
734315
734349
734460
734631
734763
734963
735132
735167
735197
735199
735265
735405
735462
735485
735508
735709
736025
736048
736074
736192
736319
736371
736438
736485
736570
736648
736691
736694
736944
736969
737034
737133
737630
737671
737720
737794
737846
737864
738122
738274
738306
738433
738519
738610
738624
738870
739465
739585
739917
739930
739979
739992
740041
740173
740225
740271
740326
740508
740521
740640
740722
740828
741046
741207
741605
741624
741905
741917
742237
742401
742687
742695
742709
742710
743025
743718
743827
744070
744174
744345
744402
744427
744591
744687
744885
745012
745016
745083
745147
745278
745488
745739
745793
745851
745883
746003
746042
746651
746822
746928
747160
747382
747435
747572
747686
747809
747821
747927
748012
748112
748158
748203
748254
748322
748383
748638
748803
748919
749497
749634
749671
749744
750350
750412
750469
750502
750636
750796
750816
750879
750936
751135
751249
751336
751407
751495
751533
751581
751621
751645
751661
751811
751818
751908
751969
752072
752145
752426
752733
752889
752897
752902
753026
753361
753526
753724
753755
754116
754144
754149
754265
754667
754727
754729
754736
754786
754906
754948
754959
755056
755124
755324
755365
755413
755501
755547
755738
755820
755928
756072
756136
756188
756247
756348
756437
756637
756728
756783
756980
757047
757068
757328
757341
757371
757421
757517
757663
757777
757956
758034
758040
758080
758115
758174
758195
758556
758585
758704
758740
758746
758858
758987
759031
759067
759146
759237
759265
759399
759447
759533
759535
759605
759688
759695
759756
759926
759967
760028
760164
760246
760280
760357
760378
760449
760543
760642
760785
760787
760826
760892
761031
761051
761052
761590
761639
761882
761945
762010
762120
762398
762444
762492
762607
762621
762834
762862
762894
762989
763076
763273
763326
763448
763549
763783
763898
763942
763983
764103
764258
764775
764873
764886
765084
765092
765113
765138
765285
765467
765679
765693
765694
765807
765827
765832
765979
766022
766152
766283
766385
766411
766437
766559
766690
766748
766869
767196
767205
767237
767463
767615
767660
767711
767751
767762
767856
768153
768155
768161
768177
768199
768376
768401
768600
768656
768827
768944
769018
769063
769096
769153
769158
769196
769427
769550
769610
769696
769824
769843
770184
770265
770343
770616
770717
770811
771021
771118
771156
771373
771457
771548
771681
771767
771969
772226
772562
772630
772656
772828
772876
772962
773115
773234
773315
773365
773374
773427
773431
773438
773474
773548
773557
773624
773747
773752
773871
773879
773890
774009
774060
774088
774119
774179
774334
774405
774717
774778
774822
774867
774944
774982
775109
775199
775277
775328
775329
775369
775917
775930
776012
776073
776100
776164
776258
776295
776316
776349
776658
776997
777008
777075
777213
777333
777341
777557
777564
777628
777958
778123
778253
778514
778614
778741
778961
779116
779158
779170
779183
779204
779335
779383
779429
779443
779454
779486
779701
779715
780033
780106
780183
780394
780434
780441
780727
780985
781017
781087
781110
781131
781237
781302
781507
781552
781617
781719
781736
781968
781986
782049
782106
782134
782185
782186
782399
782447
782606
782706
782787
782813
782988
782999
783254
783419
783567
783600
783635
783790
783825
783838
783878
783983
784176
784214
784446
784607
784863
785024
785105
785109
785390
785458
785619
785622
785624
785712
785715
785827
785931
785984
786044
786086
786183
786191
786340
786427
786495
786687
786750
786812
786992
787014
787076
787214
787281
787287
787301
787307
787341
787673
787705
787844
787955
787992
788106
788112
788191
788214
788252
788312
788583
788647
788798
788938
788981
789043
789067
789105
789403
789452
789518
789519
789546
789551
789637
789735
789772
789802
789928
789983
790175
790211
790462
790557
790724
790779
790885
790890
791081
791262
791323
791354
791504
791521
791717
791801
791851
791890
792032
792050
792148
792276
792394
792453
792627
792686
792700
792706
792723
792876
793317
793345
793447
793600
793624
793642
794237
794284
794388
794402
794443
794777
795045
795123
795163
795364
795388
795424
795442
795514
795790
795821
795834
795893
796104
796150
796427
796484
796744
796769
796956
796966
797000
797008
797087
797134
797154
797230
797265
797419
797489
797759
797800
797935
798022
798248
798493
798652
798762
798794
798839
798888
798940
798995
799097
799259
799306
799462
799498
799518
799815
800015
800069
800157
800229
800250
800303
800408
800423
800545
800639
800855
800924
800932
801100
801213
801249
801342
801441
801591
801725
801775
801988
802180
802261
802284
802382
802393
802713
802752
802870
802902
802944
802984
803004
803005
803041
803340
803396
803425
803426
803478
803531
803541
803671
803778
803793
803818
803941
804112
804125
804192
804255
804264
804298
804389
804423
804442
804519
804567
804598
804929
805046
805065
805071
805159
805173
805389
805499
805702
806072
806328
806529
806649
806691
806846
806961
807055
807058
807262
807277
807339
807484
807487
807497
807498
807588
807642
807786
807908
807931
808040
808097
808164
808326
808393
808414
808669
808768
808809
808831
808836
808861
808963
809091
809218
809623
809725
809808
809888
809992
810016
810132
810133
810144
810169
810243
810354
810469
810491
810578
810976
811177
811232
811240
811284
811619
811667
811683
811685
811695
811709
811808
811951
812027
812036
812207
812388
812523
812600
812611
812643
812708
812835
812886
812913
813003
813060
813136
813246
813249
813287
813460
813565
813575
813720
813727
813914
813934
814106
814145
814182
814356
814408
814572
814739
814998
815072
815197
815337
815355
815566
815607
815616
815805
815930
815942
815947
816045
816221
816343
816355
816540
816552
816556
816583
816729
817090
817496
817659
817775
818098
818119
818219
818273
818363
818374
818382
818423
818479
818686
818931
818938
819006
819028
819349
819512
819519
819522
819558
819660
819689
819975
819986
820051
820069
820125
820281
820464
820793
820903
820974
821019
821207
821258
821313
821325
821407
821521
821536
821790
821979
822059
822163
822373
822536
822596
822700
822793
822863
822879
822906
823099
823110
823141
823179
823442
823485
823544
823547
823626
823779
823780
823838
823840
824243
824290
824321
824390
824552
824554
824708
824804
824892
824895
825210
825227
825296
825301
825454
825687
825691
825798
825806
825868
825999
826090
826119
826168
826364
826436
826539
826796
826799
827058
827134
827188
827386
827392
827561
827742
827819
827913
828192
828221
828334
828427
828432
828570
828742
828851
828995
829035
829235
829298
829624
829875
829905
829965
829985
830019
830213
830304
830457
830496
830575
830645
830654
830679
830702
830837
830942
830998
831090
831684
831727
831855
831879
832086
832186
832196
832560
832900
833054
833295
833297
833316
833341
833447
833559
834107
834145
834373
834503
834608
834630
834698
834781
834964
835131
835147
835250
835272
835292
835301
835302
835409
835704
835766
835823
836140
836156
836334
836436
836706
836750
836870
836892
837165
837267
837349
837358
837538
837553
837562
837580
837605
837843
837881
837903
838007
838195
838207
838367
838417
838527
838549
838647
838657
838666
838701
838720
838932
838939
839162
839232
839356
839403
839435
839561
839641
839651
839722
839803
840183
840238
840255
840268
840371
840373
840646
840808
840968
841277
841424
841486
841544
841567
841856
841975
842013
842165
842186
842204
842259
842380
842386
842499
842638
842691
842732
842780
842883
842886
842937
842973
843006
843036
843091
843134
843252
843299
843381
843411
843415
843487
843716
843923
844234
844406
844671
845271
845292
845375
845406
845421
845466
845577
845734
845741
845829
845928
846089
846153
846162
846306
846317
846373
846712
846883
846984
847008
847317
847318
847319
847478
847712
847757
847989
848158
848398
848576
848596
848921
849032
849053
849090
849243
849401
849472
849526
849577
849624
849723
849727
849818
849984
849994
850058
850094
850432
850630
850662
850677
850744
850750
850871
850907
850951
851306
851347
851452
851557
851604
851665
851764
851822
852074
852135
852140
852144
852226
852480
852509
852524
852631
852644
852789
853104
853199
853430
853521
853534
853599
853799
853850
853932
854164
854241
854258
854285
854301
854420
854495
854646
854711
854804
854824
854947
855023
855106
855173
855199
855431
855516
855521
855656
855676
855777
855919
855994
856007
856266
856290
856472
856480
856497
856545
856637
856741
856896
856923
856947
857026
857043
857154
857199
857543
857578
857609
857614
857823
857893
858128
858196
858212
858240
858241
858299
858335
858405
858407
858559
858562
858719
858737
858845
858850
858854
858902
858947
859042
859128
859231
859672
859844
860175
860255
860456
860479
860482
860515
860525
860753
860781
860982
861105
861184
861192
861245
861295
861385
861742
861829
861937
862169
862182
862192
862239
862323
862359
862563
862729
862806
862887
862892
863200
863264
863558
863560
863619
863643
863652
863669
863685
863689
863891
863909
864037
864196
864199
864268
864339
864365
864392
864405
864519
864674
864820
864825
865035
865090
865171
865198
865469
865612
865638
865743
865757
865819
865995
866019
866094
866104
866162
866340
866423
866536
866792
866958
866985
867012
867165
867281
867585
867635
867684
867884
868004
868271
868343
868495
868549
868583
868639
868792
868850
869002
869079
869166
869185
869244
869329
869444
869451
869718
869747
869977
870351
870392
870402
870485
870492
870506
870518
870642
870695
870902
871328
871344
871349
871601
871713
871717
871723
871740
871778
871911
872137
872258
872415
872486
872521
872546
872750
872766
872800
872825
872875
872967
873056
873127
873227
873284
873674
873678
873721
873759
873761
873973
874030
874295
874311
874363
874469
874547
874610
874704
874719
874855
874874
874991
875014
875020
875055
875398
875540
875572
875710
875719
875865
875941
876170
876224
876369
876399
876401
876419
876513
876515
876645
876709
876713
876724
876768
876890
876891
876898
876933
876950
877126
877173
877219
877606
877641
877964
878075
878218
878419
878643
878749
878842
878886
878928
878980
879030
879337
879353
879964
879995
880333
880588
880637
880664
880755
880763
880937
881419
881477
881562
881583
881739
881791
881812
881861
882030
882033
882221
882270
882299
882304
882398
882458
882627
882766
882804
882860
883028
883129
883160
883214
883282
883291
883345
883469
883854
883855
884001
884075
884129
884144
884270
884277
884287
884454
884647
884687
884717
884834
884874
885005
885023
885039
885098
885398
885624
885719
885772
885800
886208
886328
886454
886553
886604
886801
886804
886863
886893
887247
887270
887406
887441
887724
887804
887830
888029
888078
888272
888313
888329
888393
888560
889044
889115
889138
889239
889554
889706
889771
889832
889905
890172
890402
890640
890688
890796
890842
890922
890976
891113
891136
891307
891437
891519
891592
891673
891980
892239
892261
892586
892591
892669
892748
892762
892765
892820
893077
893120
893202
893276
893410
893488
893596
893783
894106
894209
894213
894287
894381
894435
894485
894500
894566
894664
894692
894823
894872
894934
894940
895193
895238
895363
895417
895510
895576
895633
895678
895914
895986
896023
896052
896307
896370
896410
896600
896718
896796
896896
897049
897168
897192
897390
897483
897517
897627
897661
897707
897790
898022
898163
898170
898265
898440
898462
898510
898614
898628
898723
898829
898861
899007
899264
899696
899886
899930
899953
899986
900034
900306
900501
900774
900885
901118
901399
901515
901585
901732
901778
901798
901909
902160
902196
902482
902694
902736
902747
902802
902877
902883
902917
902981
903204
903321
903408
903435
903505
903533
903670
903697
903731
903774
903808
903834
903867
903902
903937
904031
904074
904221
904364
904475
904493
904638
904653
904710
904732
904865
904896
904961
904995
905105
905168
905343
905388
905457
905469
905499
905600
905714
905807
905921
905945
906021
906055
906320
906341
906435
906687
906812
906829
906904
907065
907110
907116
907236
907239
907513
907518
907734
907770
907786
907803
907945
907991
908098
908156
908461
908468
908546
908646
908653
908716
908745
908755
908779
908859
908921
908932
909153
909275
909284
909359
909460
909589
909650
909676
909845
909865
909870
909918
909929
910036
910182
910404
910444
910518
910910
911265
911356
911358
911389
911480
911792
911811
911952
912102
912139
912195
912262
912308
912445
912491
912500
912546
913006
913035
913041
913208
913227
913259
913533
913622
913666
913670
913683
913757
913811
913827
913836
913853
913989
914079
914098
914245
914397
914460
914528
914585
914607
914631
914669
914764
914957
915111
915153
915251
915270
915283
915311
915359
915390
915640
915677
915818
915853
915973
916171
916231
916243
916316
916557
916757
916787
916869
916877
917041
917125
917200
917218
917269
917336
917510
917540
917588
917676
917850
918043
918124
918237
918646
918799
918916
918927
918938
919016
919095
919123
919136
919248
919304
919532
919550
919565
919627
919648
919854
920312
920318
920336
920674
920804
920808
920818
920825
920837
921093
921122
921182
921442
921506
921534
921561
921586
921633
921738
921750
921804
921831
921918
922017
922025
922151
922383
922398
922419
922692
922703
922792
923287
923300
923305
923386
923413
923446
923595
923603
923625
923784
923790
923799
924064
924236
924257
924263
924500
924552
924707
924881
924995
925010
925111
925701
925770
925807
925818
925868
925892
925897
925929
926035
926222
926248
926328
926527
926626
926773
926812
926840
927121
927212
927253
927288
927316
927522
927732
927759
928046
928088
928238
928265
928604
928752
928864
928894
928911
929065
929189
929216
929299
929394
929398
929406
929639
929642
929741
929771
929777
929989
930096
930110
930195
930325
930416
930498
930534
930538
930710
930835
930896
930902
930981
930991
931012
931020
931037
931218
931274
931418
931558
931570
931671
931728
931836
931920
932168
932417
932583
932681
932697
932722
932759
932918
933046
933272
933274
933547
933560
933627
933661
933663
933707
933728
933735
933756
933773
934454
934646
934688
934748
934756
934847
935182
935275
935285
935504
935606
935639
935868
935985
936044
936100
936149
936328
936438
936598
936661
936806
936938
937114
937126
937219
937276
937297
937483
937595
937633
937653
937669
937684
937927
937994
938010
938043
938187
938396
938451
938594
938627
938649
938675
938790
938802
938834
938950
939379
939411
939534
939680
939712
939742
939911
939974
940010
940163
940302
940425
940430
940483
940731
940770
941143
941236
941256
941445
941550
941559
941621
941675
941713
941762
941768
941902
942067
942113
942250
942327
942352
942360
942366
942418
942763
943210
943216
943223
943315
943512
943655
943900
943915
943992
944079
944118
944154
944404
944567
944834
944911
945078
945125
945313
945439
945481
945646
945655
945756
945791
945907
945969
945974
946048
946090
946102
946133
946144
946312
946413
946421
946516
946563
946564
946688
946717
946736
946881
947363
947378
947586
947685
947744
947795
947885
948118
948247
948253
948316
948346
948350
948400
948588
948604
948616
948625
948652
948902
949026
949075
949222
949241
949272
949282
949318
949346
949375
949423
949473
949520
949549
949639
950005
950039
950045
950108
950203
950206
950328
950370
950420
950846
951233
951482
951708
951724
951858
951867
951890
951912
951984
952004
952123
952208
952226
952279
952331
952416
952439
952685
952729
952949
952981
953229
953285
953510
953762
953943
954001
954044
954109
954688
954760
954794
955037
955158
955255
955355
955385
955429
955440
955505
955661
955703
955837
956006
956081
956263
956353
956439
956447
956461
956558
956579
956782
956865
957016
957047
957086
957177
957369
957504
957522
957535
957637
957720
957791
957861
958019
958118
958225
958280
958302
958393
958569
958618
958622
958837
958881
958926
958959
959166
959430
959500
959577
959645
959806
959981
960103
960126
960267
960552
960588
960625
960879
960882
961082
961186
961282
961343
961438
961498
961557
961889
961894
961935
961975
961984
962193
962219
962255
962268
962305
962466
962726
962846
962969
963045
963092
963174
963265
963506
963514
963576
963857
963879
963896
964092
964265
964355
964436
964575
964708
964757
964885
964923
964967
964987
965243
965418
965592
965699
965715
965852
965875
966113
966153
966346
966614
966627
966742
966834
966918
966943
967217
967412
967428
967713
967876
967890
967913
967952
968024
968106
968154
968259
968283
968334
968350
968428
968547
968751
968779
968880
968980
968981
969046
969106
969121
969171
969250
969563
969749
970005
970087
970134
970448
970514
970668
970754
970809
970858
970875
970948
971143
971168
971186
971365
971409
971536
971689
971697
971830
971950
972240
972329
972393
972429
972433
972539
972619
972771
972878
972899
973025
973231
973473
973537
973707
973758
973926
973981
974005
974044
974167
974191
974258
974265
974349
974363
974535
974877
974916
974947
975038
975165
975212
975289
975352
975518
975740
975747
975761
975852
975937
976006
976023
976085
976132
976392
976474
976486
976561
976580
976786
976882
977061
977218
977460
977653
977670
977870
978141
978172
978224
978432
978516
978577
978581
978662
978688
978718
978784
978931
978982
979101
979122
979123
979327
979363
979421
979442
979453
979500
979521
979544
979589
979627
979637
979782
979817
979833
980105
980174
980241
980314
980573
980621
980704
980997
981019
981506
981757
981807
981929
982114
982204
982301
982370
982471
982543
982626
982696
982844
983018
983316
983370
983507
983533
983800
983815
983877
984175
984248
984443
984474
984755
984759
984783
984911
984920
984937
985003
985143
985419
985426
985439
985951
985971
986094
986117
986224
986612
986757
986844
987034
987066
987068
987130
987678
987702
987703
987866
987908
988249
988647
989072
989195
989422
989694
989890
989981
990010
990059
990293
990428
990680
990700
990823
990857
991430
991435
991437
991589
991668
991729
991805
991829
991922
992006
992253
992333
992355
992403
992462
992821
992837
992871
992908
992935
992936
992975
993133
993259
993576
993633
993637
993770
993822
993859
993999
994004
994044
994137
994197
994214
994358
994506
994576
994735
994919
994920
994997
995062
995095
995189
995320
995335
995484
995531
995694
995749
995754
995873
995883
996142
996326
996620
996659
997052
997647
997926
997980
998025
998030
998231
998279
998410
998504
998774
998875
998986
999015
999118
999449
999550
999971
999983
Comparaes = 8993
Troca = 2112
