301
784
892
1005
1327
1388
1494
1715
1738
1762
1868
2178
2301
2494
2623
2639
2722
2868
3007
3193
3247
4003
4213
4271
4397
4513
4741
4867
5024
5047
5074
5169
5297
5312
5318
5388
5600
5677
5766
5870
5943
6211
6226
6277
6286
6519
6526
6619
6658
6961
7226
7275
7335
7405
7610
7997
8067
8206
8210
8218
8438
8557
8564
8569
8991
9215
9338
9354
9463
9497
9850
9985
10148
10361
10398
10403
10496
11073
11079
11200
11298
11376
11391
11663
11701
11721
11741
11758
11815
12078
12125
12262
12366
12459
12540
12653
12655
12736
12908
12935
13114
13116
13174
13315
13410
13433
13741
13915
14007
14042
14072
14113
14131
14460
14616
14643
14677
14784
14857
14859
14965
14971
15111
15181
15223
15371
15418
15477
15543
15577
15727
15861
15909
15971
16061
16199
16258
16384
16605
16721
16742
16790
16826
16849
16855
16947
17053
17088
17336
17499
17581
17625
18028
18034
18410
18864
18894
19041
19208
19489
19562
19789
19814
19927
19947
19975
20058
20093
20206
20426
20427
20508
20589
20785
20786
21050
21107
21137
21172
21220
21321
21384
21502
21697
21789
22077
22080
22213
22306
22961
23037
23089
23125
23161
23166
23172
23511
23667
23895
24202
24274
24326
24383
24692
24895
24964
25144
25154
25170
25209
25213
25234
25290
25367
25575
25635
25817
25897
25998
26094
26141
26404
26421
26472
26702
26832
26915
26970
27349
27516
27614
27620
27867
27896
28085
28247
28285
28292
28331
28502
28715
28972
29071
29329
29336
29346
29534
29739
29803
29837
30007
30010
30070
30105
30312
30560
30598
30624
30662
30671
30859
31597
31660
31987
32268
32333
32377
32434
32444
32494
32641
32663
32665
32995
33098
33106
33160
33405
33562
33603
33624
33744
33876
33966
34157
34214
34235
34532
34616
34637
34668
34805
34834
34842
34961
35163
35169
35269
35553
35775
35908
35918
35947
36124
36224
36241
36363
36464
36501
36538
36602
36624
36626
36631
36740
36765
36799
36889
36970
36978
37060
37327
37484
37504
37513
37719
37728
37927
38030
38218
38309
38323
38339
38537
38559
38615
38817
38841
38853
38873
38944
39164
39213
39232
39414
39452
39513
39517
39543
39623
39848
40075
40084
40194
40247
40340
40378
40426
40631
40678
40744
40831
41068
41103
41144
41270
41285
41324
41407
41464
41482
41556
41643
41876
42441
42630
42853
42862
42953
43023
43041
43126
43395
43446
43569
43608
43729
43843
43866
43900
44125
44332
44520
44592
44631
44734
44772
44852
44991
44999
45078
45160
45427
45461
45551
45603
45655
45754
45769
45808
45813
45898
46143
46165
46203
46249
46305
46779
46801
46884
46941
47090
47232
47326
47358
47370
47679
47767
47837
47963
48373
48454
48549
48574
48656
48687
48794
48905
49062
49253
49374
49376
49755
49771
49821
50091
50114
50166
50303
50418
50699
50833
51024
51101
51132
51286
51325
51412
51521
51644
51648
51684
51698
51740
51764
51834
51869
52065
52114
52119
52263
52386
52394
52401
52511
52666
52827
53086
53124
53165
53208
53278
53616
53769
53859
53973
54209
54242
54469
54520
54551
54555
54565
54601
54734
54804
54842
54866
54898
55173
55603
55615
55662
55686
55731
55755
55975
56090
56198
56305
56321
56344
56357
56390
56540
56543
56592
56694
56818
56883
56998
57217
57564
57947
58065
58083
58092
58171
58198
58262
58352
58519
58555
58613
58642
58662
58774
58897
58965
58982
59442
59484
59608
59752
59965
60134
60152
60262
60298
60354
60374
60378
60498
60622
60683
60730
60810
60823
60861
60946
61286
61302
61409
61456
61559
61670
61679
61863
61882
61929
61996
62024
62052
62220
62247
62345
62423
62696
62720
62856
63048
63182
63216
63435
63755
63888
64009
64120
64668
64716
64851
64885
64896
65116
65119
65176
65191
65221
65380
65389
65428
65492
65526
65770
65782
65824
65897
65978
66081
66229
66309
66326
66411
66461
66482
66520
66539
66757
66889
67012
67175
67195
67225
67250
67461
67467
67470
67581
67658
67685
67687
67782
67823
67901
67998
68062
68090
68394
68445
68472
68502
68513
68538
68634
68635
68661
68737
68817
68853
68868
68880
68958
69011
69019
69051
69061
69065
69147
69247
70033
70200
70245
70274
70304
70464
70490
70569
70612
70790
70802
70865
70930
70972
70983
71360
71548
71693
71815
71823
71902
71910
71923
72004
72022
72099
72213
72227
72310
72534
72589
72698
72716
72864
72890
72907
72974
72981
72993
72995
73016
73026
73078
73132
73231
73313
73382
73390
73492
73496
73579
73844
73894
73898
74011
74023
74051
74087
74099
74110
74114
74121
74291
74390
74402
74832
75018
75020
75097
75149
75211
75228
75272
75573
75595
75658
75701
75804
75850
75851
75932
75954
75971
75983
75990
76113
76283
76344
76380
76448
76530
76551
76555
76723
76813
76845
77280
77384
77420
77541
77556
77736
77743
77824
77915
77959
78201
78283
78325
78334
78373
78543
78653
78824
78939
79070
79149
79206
79234
79240
79266
79299
79421
79547
79573
79602
79607
79702
79840
79868
79903
79948
80012
80044
80070
80212
80219
80343
80469
80663
80722
80772
81054
81153
81483
81501
81521
81602
81741
81853
81924
81930
81979
81997
82190
82556
82716
82734
82744
82778
82842
83013
83054
83075
83096
83215
83357
83436
83491
83807
83869
83955
83973
84095
84168
84373
84394
84509
84606
84703
84840
84862
84880
84923
84984
85048
85095
85113
85230
85332
85425
85511
85742
85760
86054
86074
86261
86383
86385
86436
86601
86612
86614
86800
86859
86956
86963
86980
87001
87003
87064
87099
87125
87486
87487
87593
88077
88131
88307
88332
88391
88399
88562
88570
88602
88636
88666
88730
88790
88939
89014
89023
89134
89155
89196
89221
89230
89468
89673
89876
89976
90079
90181
90205
90228
90418
90661
90754
90839
90855
90862
90921
91013
91236
91392
91482
91546
91591
92123
92277
92315
92397
92416
92457
92574
92680
92734
92826
92930
92961
93155
93163
93192
93414
93468
93481
93517
93753
93849
93854
93875
93962
93988
93990
94066
94068
94228
94503
94505
94509
94673
95035
95115
95117
95126
95145
95163
95213
95219
95261
95346
95351
95445
95605
95639
95846
95897
96172
96219
96226
96251
96443
96480
96594
96663
96953
97063
97149
97332
97481
97483
97565
97613
97671
97673
97700
97789
98113
98124
98184
98284
98324
98487
98712
98853
98932
99092
99161
99219
99294
99396
99440
99475
99683
99758
99976
100115
100390
100522
100562
100670
100802
100871
101118
101277
101398
101554
101631
101785
101804
102333
102449
102679
102746
102820
102836
102850
103151
103164
103173
103563
103571
103592
103603
103610
103634
103715
103784
103968
103977
104001
104035
104074
104202
104209
104237
104328
104615
104629
104642
104680
104744
104749
104843
105103
105118
105217
105249
105381
105457
105511
105706
105796
105862
105950
106087
106115
106284
106371
106561
106579
106584
106851
106921
107077
107099
107154
107370
107407
107411
107423
107457
107511
107731
107985
108063
108075
108195
108256
108524
108597
108727
108799
108919
109085
109107
109580
109604
109606
109670
109788
109953
110108
110185
110447
110632
110803
110852
110943
111004
111136
111180
111218
111272
111411
111459
111648
111689
111765
111793
111834
111916
112124
112485
112890
112971
112984
113014
113139
113155
113259
113335
113401
113460
113574
113581
113654
113712
113713
113991
114118
114418
114456
114576
114592
114631
114790
114848
114851
114860
114865
114869
114881
114959
115129
115136
115232
115368
115391
115534
115637
115674
115768
115790
115846
115972
116133
116931
116984
117022
117051
117352
117461
117684
117711
117916
117919
117971
118028
118218
118269
118295
118302
118476
118506
118584
118660
118983
118990
119068
119231
119319
119337
119392
120061
120183
120359
120603
120620
120825
120980
120981
121024
121091
121261
121494
121570
121584
121614
121723
121737
121753
122025
122144
122187
122225
122233
122299
122372
122377
122494
122540
122557
122575
122831
122896
122918
123064
123134
123285
123342
123507
123532
123601
123657
123733
123855
123984
123989
124012
124101
124113
124128
124139
124201
124425
124537
124713
124729
124743
124874
124884
124958
125086
125161
125180
125222
125292
125319
125320
125476
125536
125698
125790
125844
125932
126071
126079
126187
126315
126394
126540
126612
126645
126660
126813
126869
127269
127281
127399
127440
127574
127690
127883
127953
127963
127993
128052
128107
128115
128235
128417
128576
128599
128690
128823
129016
129235
129344
129389
129732
129833
129981
129993
130313
130335
130843
130988
131179
131327
131401
131611
131697
131790
132062
132069
132072
132087
132263
132268
132315
132398
132441
132524
132577
132582
132658
132746
132759
132816
132842
133019
133053
133167
133204
133210
133275
133279
133280
133281
133298
133497
133557
133768
133786
133822
133877
133892
133996
134029
134115
134181
134239
134253
134312
134439
134487
134631
134738
134781
134840
134965
135028
135060
135161
135312
135461
135517
135616
135749
135755
135809
136038
136067
136144
136305
136326
136330
136824
136865
136977
137002
137030
137090
137111
137232
137253
137398
137440
137529
137535
137592
137981
138145
138526
138874
138910
138995
139197
139251
139263
139292
139323
139438
139465
139861
139885
140069
140107
140121
140135
140141
140176
140214
140415
140428
140538
140623
140626
140789
140837
140884
140910
140939
140943
140969
141135
141172
141180
141386
141444
141500
142142
142179
142381
142470
142519
142601
142620
142944
143174
143178
143372
143419
143428
143513
143626
143753
144148
144302
144361
144403
144493
144644
144811
144869
144892
144969
145145
145187
145245
145319
145501
145632
145696
145697
145756
145906
145908
145961
146013
146015
146256
146278
146342
146451
146499
146589
146741
146866
146961
147001
147410
147514
147581
147737
147970
147972
148147
148330
148360
148397
148571
148650
148947
149026
149195
149281
149338
149348
149384
149389
149390
149741
150037
150076
150308
150428
150509
150612
150759
150825
150878
150938
150960
150962
151180
151186
151236
151328
151390
151419
151629
151682
151747
151803
151845
151994
152041
152232
152242
152388
152430
152444
152502
152516
152526
152625
152718
152721
152768
152999
153220
153224
153285
153331
153479
153723
153806
153838
154111
154139
154317
154436
154669
154742
155000
155314
155357
155549
155599
155907
155954
156111
156288
156314
156891
156910
156923
156966
157030
157199
157465
157497
157525
157526
157534
158005
158104
158119
158159
158169
158197
158220
158277
158296
158389
158396
158508
158652
158662
158715
159010
159013
159064
159109
159175
159178
159186
159344
159433
159624
159629
159669
159709
159873
159945
160093
160149
160289
160502
160540
160556
160685
160821
160928
161036
161126
161247
161427
161469
161521
161597
161600
161603
161644
161667
161682
161986
162129
162139
162165
162269
162278
162719
162738
162741
162819
162918
162961
163200
163241
163274
163286
163604
163605
163656
163786
163798
163921
164311
164462
164643
164716
164999
165000
165041
165090
165195
165238
165338
165388
165685
165768
165778
165896
165974
166319
166395
166767
166824
166945
167040
167067
167071
167169
167201
167600
167809
167967
168167
168179
168311
168337
168406
168620
168767
168773
168820
168846
168925
169142
169508
169823
169908
169971
170040
170086
170149
170226
170314
170715
171067
171120
171206
171351
171418
171559
171721
171763
171856
171995
172012
172046
172068
172348
172568
172866
172885
173347
173748
174305
174393
174500
174717
174828
174843
174951
175165
175177
175281
175446
175451
175462
175520
175533
175557
175685
175822
175868
175887
175917
175918
175955
175969
176029
176068
176207
176252
176308
176422
176530
176620
176623
176654
176753
176790
176808
176836
176932
177053
177069
177235
177296
177320
177324
177375
177400
177487
177541
177865
177934
178000
178109
178186
178199
178361
178477
178511
178599
178657
178774
178803
178958
179151
179195
179309
179428
179466
179482
179728
179810
179828
179879
179965
179990
180144
180272
180279
180308
180336
180406
180422
180555
181005
181073
181081
181144
181172
181201
181356
181417
181443
181477
181542
181569
181587
181634
181666
181875
181917
181935
182041
182167
182271
182364
182389
182467
182495
182647
182762
182778
182791
182886
183068
183115
183169
183334
183395
183481
183786
183873
183970
184071
184111
184167
184203
184245
184361
184606
184613
184675
184721
184948
185013
185239
185245
185295
185316
185373
185404
185455
185457
185482
185736
185910
186011
186179
186193
186430
186592
186728
186751
187063
187489
187527
187712
187811
187821
187984
188044
188289
188296
188382
188487
188714
188792
188797
188806
188955
189002
189050
189169
189275
189531
189726
189820
189860
189882
189958
190001
190274
190304
190523
190587
190672
190679
190931
190948
191021
191060
191078
191081
191087
191195
191216
191243
191295
191324
191386
191572
191650
191700
191734
191739
191825
191894
192260
192390
192482
192531
192604
192648
192757
192918
192953
193014
193017
193113
193159
193189
193191
193211
193317
193464
193488
193631
193896
193908
194109
194154
194164
194195
194320
194387
194390
194546
194702
194752
195231
195240
195393
195460
195669
195721
195730
195785
195904
195911
195920
196010
196015
196174
196195
196198
196222
196239
196350
196489
196556
196663
196993
197059
197104
197137
197172
197319
197470
197571
197633
197761
197865
197890
198016
198043
198167
198229
198339
198350
198598
198624
198837
198871
198947
199130
199159
199171
199255
199273
199563
199872
200011
200254
200442
200460
200471
200477
200827
200965
200989
201154
201400
201405
201419
201519
201530
201935
202014
202144
202201
202218
202220
202370
202483
202495
202554
202872
202911
202963
202980
203199
203528
203665
203794
203826
203940
204315
204360
204398
204584
204588
204679
205025
205244
205353
205362
205764
205804
206035
206145
206353
206413
206656
206791
206877
206941
206980
207089
207098
207144
207227
207338
207366
207377
207391
207462
207491
207528
207540
207546
207573
207574
207730
207870
207958
207967
208187
208257
208266
208409
208493
208536
208626
208698
208939
208953
208977
209064
209248
209314
209377
209507
209571
209668
209837
209847
210200
210259
210270
210305
210434
210460
210482
210499
210891
211041
211080
211206
211414
211433
211547
211698
211845
212025
212032
212422
212531
212763
212772
212823
212959
213031
213041
213095
213203
213330
213505
213553
213610
213748
213827
213837
213843
214025
214056
214148
214266
214274
214334
214428
214582
214948
215035
215061
215088
215187
215392
215447
215520
215642
215750
215841
215870
216031
216041
216056
216105
216116
216163
216182
216310
216671
216770
216877
217154
217161
217170
217237
217313
217373
217409
217482
217747
217955
218049
218108
218228
218229
218364
218387
218750
218777
218789
218898
218907
218929
219030
219034
219073
219135
219184
219218
219240
219299
219460
219472
219794
219858
220091
220174
220252
220262
220284
220390
220395
220398
220406
220449
220560
220580
220641
220649
220853
220911
220982
221007
221091
221126
221202
221213
221273
221314
221514
221527
221874
221921
222048
222049
222050
222172
222410
222412
222498
222776
222793
222817
222866
222925
223386
223392
223826
223969
224024
224222
224310
224360
224954
225070
225091
225164
225453
225691
225694
225804
226084
226095
226283
226287
226329
226378
226435
226523
226573
226851
227023
227193
227202
227247
227356
227425
227435
227477
227647
227686
227716
227781
227814
227824
227855
227932
227933
227998
228590
228643
228786
228874
228889
229007
229027
229042
229049
229156
229217
229368
229423
229441
229537
229665
229836
229884
230048
230158
230276
230286
230346
230368
230403
230429
230482
230529
230540
230639
230834
230981
231092
231120
231450
231673
231726
231921
231932
232003
232228
232350
232457
232611
232662
232760
232797
232823
233005
233173
233221
233260
233336
233387
233415
233575
233781
233791
233979
234131
234340
234394
234405
234415
234495
234573
234634
234690
234795
234899
234934
235024
235169
235228
235334
235389
235466
235503
235788
235945
236465
236808
236852
236966
237043
237157
237206
237355
237400
237523
237591
237697
237910
237958
237978
238120
238144
238150
238448
238536
238541
238815
238841
238868
238942
238983
238995
239069
239233
239272
239360
239365
239376
239412
239754
239757
239791
240394
240660
240720
240761
240779
240879
241026
241085
241087
241136
241151
241198
241311
241441
241555
241562
241627
241652
241740
241784
241807
242189
242197
242222
242390
242473
242749
242861
242883
242902
242928
242953
243241
243278
243359
243531
243532
243604
243685
243728
243870
244149
244222
244387
244484
244512
244588
244955
245042
245246
245292
245615
245740
245818
245916
246150
246665
246942
247078
247148
247251
247342
247397
247451
247708
247961
247992
248092
248168
248173
248310
248624
248844
248932
248933
248949
249332
249380
249385
249638
249790
250020
250033
250069
250108
250247
250265
250311
250359
250429
250447
250534
250576
250679
250711
250719
250807
250932
251250
251317
251323
251346
251396
251493
251767
251892
252204
252229
252246
252256
252267
252345
252381
252420
252453
253018
253062
253109
253111
253439
253722
253896
253914
253938
253994
254066
254639
254853
254904
254981
255147
255292
255370
255473
255496
255538
255582
255876
255995
256021
256031
256145
256147
256148
256251
256323
256508
256531
256598
256754
256853
256972
257212
257279
257283
257308
257611
257612
257749
258080
258167
258311
258313
258351
258440
258769
258932
258957
259016
259092
259576
259746
259763
259794
259982
260047
260102
260575
260698
260797
260807
260810
260873
261042
261279
261393
261601
261742
261819
261856
261913
261919
262005
262044
262120
262220
262295
262346
262428
262659
262725
262965
263373
263374
263416
263464
263526
263730
263885
263896
264021
264096
264116
264202
264268
264295
264407
264526
264583
264638
264675
264708
264769
264834
264852
264916
264935
265124
265167
265180
265336
265390
265448
265500
265581
265671
265852
265895
266027
266063
266118
266176
266283
266323
266382
266403
266521
266682
266944
266955
266993
267028
267330
267353
267574
267625
267732
267780
267827
267830
268043
268115
268141
268147
268195
268207
268301
268305
268346
268369
268821
268961
269018
269024
269231
269250
269266
269419
269424
269468
269500
269529
269670
269764
269807
269829
269961
270057
270435
270436
270711
270785
270951
271076
271129
271522
271580
271640
271794
271853
271885
271922
272116
272121
272265
272332
272421
272442
272471
272504
272535
272636
272659
272826
273085
273118
273194
273216
273252
273302
273332
273372
273377
273395
273530
273588
273825
273990
274124
274156
274191
274290
274446
274671
274677
274721
274766
274841
275145
275176
275180
275390
275405
275469
275837
275876
275950
275975
276063
276074
276412
276461
276569
276605
276610
276835
276884
277174
277252
277394
277611
277623
277635
277696
277857
277922
278012
278057
278331
278349
278564
278630
278640
278777
278947
278948
278988
279019
279026
279040
279098
279250
279323
279383
279403
279415
279542
279617
279675
279688
279755
279825
279892
280086
280180
280409
280669
281022
281074
281163
281202
281307
281396
281603
281703
281791
281812
281898
281901
282113
282147
282208
282283
282296
282302
282355
282448
282507
282548
282602
282615
282683
282688
282763
282896
282918
282963
283073
283160
283288
283373
283574
283604
284079
284080
284412
284415
284624
284719
284787
284944
285289
285344
285699
285741
285807
286068
286316
286364
286406
286490
286723
286753
286775
286789
286845
286901
287101
287106
287119
287180
287224
287723
287867
287929
287988
288165
288195
288242
288299
288345
288378
288416
288446
288699
288717
288739
288929
288949
289003
289195
289212
289374
289426
289428
289429
289433
289571
289809
289873
290157
290223
290455
290616
290778
291040
291369
291391
291554
291642
292125
292219
292338
292447
292589
292702
292835
292925
292979
293009
293012
293244
293292
293418
293429
293476
293601
293846
294271
294433
294635
294871
294890
294902
294983
295038
295366
295463
295639
295851
295895
295950
295951
295954
296000
296120
296132
296228
296489
296534
296555
296583
296588
296598
296637
296830
297037
297076
297148
297356
297477
297684
297786
297822
297920
298069
298121
298274
298543
298658
298702
298719
298757
299065
299187
299247
299252
299366
299569
299607
299615
299679
299900
300045
300166
300201
300265
300268
300272
300301
300372
300378
300504
300717
300719
300774
300861
301132
301162
301176
301279
301290
301484
301491
301596
301919
302016
302046
302080
302214
302519
302759
302781
303149
303494
303554
303732
303900
303919
304418
304526
304592
304636
304643
305021
305057
305195
305224
305354
305438
305558
305603
305642
305821
305828
305956
306111
306262
306275
306360
306593
306873
307162
307381
307694
307949
307960
308062
308150
308166
308201
308297
308427
308495
308529
308688
308717
308898
308950
309023
309034
309165
309221
309271
309289
309438
309514
309816
309841
309867
309943
310105
310128
310152
310260
310366
310393
310427
310471
310791
310793
310829
310883
310942
310954
311282
311442
311514
311642
311653
311742
311967
312031
312049
312056
312195
312207
312335
312526
312638
312692
312751
312813
312984
313080
313100
313269
313674
313704
313722
313822
313957
314053
314090
314283
314315
314332
314408
314446
314466
314524
314599
314750
314777
315048
315108
315127
315156
315184
315192
315199
315267
315391
315426
315447
315593
315678
315790
315849
316235
316319
316364
316408
316610
316623
316735
316738
316754
316959
316972
316984
316999
317035
317045
317262
317694
317858
317920
317934
318012
318218
318243
318407
318513
318692
318850
318944
318950
319060
319086
319161
319193
319205
319234
319375
319445
319448
319511
319549
319638
319699
319752
319889
320161
320406
320418
320486
320641
320678
320725
320896
321473
321503
321632
321693
321868
321870
321876
322098
322103
322174
322281
322435
322472
322478
322929
322941
323015
323204
323327
323346
323363
323390
323474
323512
323521
323598
323802
323982
324080
324141
324178
324223
324535
324560
324722
324831
324832
325022
325077
325214
325239
325476
325483
325589
325614
325640
325833
325847
325942
325959
326140
326162
326721
326788
326797
326822
326949
326956
327002
327215
327297
327396
327474
327739
327760
327960
328070
328151
328215
328276
328591
328609
328637
328750
328843
328965
328989
328992
329160
329313
329377
329402
329513
329564
329740
329751
329773
329828
330002
330321
330340
330400
330461
330500
330845
331037
331108
331178
331256
331361
331494
331527
331715
331818
331842
331960
332031
332171
332314
332350
332369
332378
332385
332574
332722
332943
333049
333092
333119
333127
333169
333238
333263
333268
333364
333383
333401
333405
333407
333421
333512
333585
333590
333668
333846
333852
334219
334379
334427
334501
334614
334620
334632
334653
334684
334753
334793
334853
334927
334958
334975
335071
335233
335579
335622
335954
336005
336243
336497
336674
336818
336973
337199
337267
337322
337668
337720
337739
337772
338013
338380
338437
338537
338678
338693
338708
338841
339015
339048
339156
339183
339269
339574
339597
339659
339869
339928
339935
340329
340357
340456
340462
340499
340524
340578
340593
340717
340818
340975
341018
341157
341317
341486
341708
341831
341892
341900
341982
342085
342233
342285
342286
342327
342380
342508
343036
343038
343098
343157
343197
343363
343414
343441
343530
343641
343752
343900
343926
343939
344092
344226
344329
344339
344400
344431
344478
344483
344489
344548
344708
344742
344821
344862
344914
344924
345072
345157
345272
345312
345318
345349
345399
345454
345648
345652
346037
346230
346295
346483
346500
346660
346770
346830
346888
346964
346997
347010
347011
347063
347156
347191
347305
347502
347836
347838
347923
348264
348408
348560
348596
348852
348945
349110
349128
349153
349194
349323
349450
349489
349748
349894
349947
349969
350051
350063
350390
350543
350657
350674
350694
350708
351049
351363
351421
351476
351575
351682
351690
351699
351726
351780
351992
352021
352093
352316
353037
353116
353144
353337
353401
353475
353507
353534
353591
353629
353707
353837
353888
353909
353965
353988
354069
354263
354345
354427
354496
354844
354937
355116
355165
355173
355321
355541
355694
355923
356022
356055
356082
356149
356178
356208
356248
356298
356368
356476
356618
356712
356894
356900
356985
357348
357364
357399
357605
357647
357697
357704
357748
357885
357971
357996
358081
358178
358249
358316
358667
358814
358924
358981
358990
359226
359387
359493
359503
359691
359699
359979
360102
360131
360445
360500
360507
360515
360605
360680
360714
360724
361014
361123
361157
361257
361337
361371
361388
361418
361434
361466
361772
361826
361972
362010
362025
362091
362243
362384
362485
362650
362956
363022
363069
363172
363235
363287
363451
363476
363510
363650
363669
363718
363967
364074
364100
364195
364366
364473
364502
364659
364673
364732
364855
364912
365024
365036
365059
365093
365282
365354
365571
365797
366035
366155
366159
366318
366403
366619
366638
366696
366775
366778
366803
366941
366969
366997
367027
367087
367103
367122
367125
367249
367759
367823
368313
368320
368385
368388
368458
368523
368808
368847
368889
369001
369036
369096
369248
369278
369551
369642
369697
369731
369783
370041
370054
370085
370102
370137
370200
370261
370269
370293
370304
370473
370514
370609
370821
370930
370947
371083
371109
371149
371185
371514
371531
371649
371675
372011
372074
372082
372376
372412
372457
372674
372740
372892
372912
372956
373718
373746
374023
374331
374626
374676
374784
375019
375096
375387
375485
375555
375556
375624
375718
375831
375844
376003
376109
376194
376272
376457
376486
376943
377132
377251
377335
377351
377376
377405
377448
377454
377481
377596
377645
377709
377745
377759
378010
378102
378306
378500
378511
378539
378617
378639
378657
378755
378777
378792
378848
378906
379030
379181
379280
379282
379416
379558
379790
379834
379845
380059
380182
380215
380278
380280
380312
380379
380651
380767
381013
381112
381188
381258
381406
381469
381724
381763
381836
381868
381932
381987
382012
382099
382112
382209
382352
382587
382810
382819
382874
382912
382952
382973
383199
383282
383310
383395
383523
383717
383870
383991
384019
384153
384225
384384
384604
384612
384615
384632
384731
384885
384961
385128
385226
385251
385476
385501
385551
385692
386182
386422
386545
386719
386741
386743
386790
386989
387008
387025
387043
387102
387158
387197
387385
387823
387844
387970
388028
388147
388651
388713
388787
388843
388860
388928
388986
388990
389078
389087
389146
389314
389579
389704
390048
390088
390126
390143
390256
390267
390328
390462
390575
390771
390891
391028
391124
391428
391520
391610
391784
391803
391862
391865
391867
392494
392516
392597
392667
392812
392855
392862
392899
392954
393000
393167
393235
393288
393297
393331
393381
393545
393574
394039
394062
394327
394345
394425
394464
394565
394671
394730
394845
394861
394879
394939
394949
394968
395097
395249
395250
395309
395490
395501
395525
395547
395562
395660
395664
395787
395798
395859
396078
396213
396425
396479
396485
396665
396704
396778
396922
397205
397390
397402
397405
397409
397657
397882
397949
398206
398240
398388
398458
398462
398468
398590
398623
398698
398986
399062
399119
399151
399161
399375
399470
399738
399826
399896
400050
400085
400264
400307
400351
400389
400573
400802
400824
400827
401109
401170
401515
401587
401667
401731
401839
401851
401918
402009
402017
402048
402263
402345
402378
402651
402666
402759
402789
403060
403235
403321
403325
403380
403615
403632
403764
403796
404030
404130
404174
404204
404209
404278
404322
404484
404835
404872
404887
404942
404989
405216
405361
405403
405467
405635
405665
405729
405805
405863
405877
405960
406168
406174
406275
406307
406558
406693
406710
406752
406780
406857
406937
406943
406999
407098
407131
407173
407268
407314
407465
407506
407543
407556
407686
407722
407741
407760
407845
408023
408047
408143
408184
408308
408334
408382
408448
408752
408802
408916
409077
409233
409328
409445
409499
409560
409714
409763
409911
409916
409994
410026
410097
410321
410380
410503
410532
410568
410735
410796
410803
410873
411000
411239
411310
411482
411704
411774
411856
411909
411995
412147
412163
412218
412297
412353
412505
412716
412723
412775
412791
412793
412827
412932
412970
413218
413275
413309
413370
413483
413545
413580
413703
413727
413806
413946
413970
413987
414003
414012
414097
414100
414177
414342
414713
414817
414835
415117
415121
415218
415240
415526
415540
415706
415813
415847
416075
416141
416172
416359
416426
416444
416517
416521
416766
416902
416940
416981
417103
417113
417269
417515
417635
417657
417678
417766
417859
418007
418052
418151
418365
418376
418395
418419
418497
418547
418747
418931
418960
419180
419203
419793
419951
420159
420200
420212
420424
420559
420581
420669
420739
420855
420991
421093
421101
421155
421224
421226
421389
421522
421554
421896
422159
422176
422220
422400
422735
422786
422843
422913
423252
423653
423759
423957
424008
424110
424121
424188
424241
424257
424485
424651
424771
424816
424846
424863
424869
424873
425044
425142
425401
425598
425618
425917
426065
426196
426218
426417
426516
426552
426957
427000
427421
427457
427505
427511
427515
427692
427720
427777
427801
427834
427863
428339
428512
428555
428655
428690
428929
429070
429155
429517
429618
429835
429847
429918
429923
429938
429957
430137
430227
430302
430350
430522
430585
430604
430617
430761
430780
430836
430837
430847
430920
430985
431345
431379
431497
431647
431678
431701
431817
431841
431916
431991
432239
432563
432601
432686
432761
432820
432889
432899
432996
433048
433079
433172
433476
433519
433540
433557
433737
434341
434359
434401
434444
434545
434628
434737
434771
434790
435035
435062
435112
435233
435528
435569
435587
435612
435981
436188
436231
436314
436581
436806
436884
436917
437043
437088
437096
437264
437386
437507
437629
437722
437776
437860
437920
437930
438081
438108
438197
438217
438296
438373
438440
438525
438532
438630
438791
438829
438896
438902
438930
438965
439012
439023
439069
439145
439197
439203
439254
439283
439301
439341
439363
439401
439538
439717
440073
440150
440161
440241
440311
440413
440434
440503
440505
440639
440896
441268
441287
441459
441706
441805
442248
442289
442327
442381
442397
442411
442434
442700
442808
443079
443329
443424
443590
443698
443912
444123
444156
444166
444220
444244
444269
444298
444316
444324
444655
444671
444690
444692
444698
444829
445124
445278
445482
445533
445536
445843
445913
445932
446007
446257
446342
446480
446536
446615
446766
446909
446993
447149
447297
447411
447510
447560
447653
447764
448017
448282
448363
448397
448405
448443
448542
448875
448953
449262
449426
449663
449691
449741
449995
450348
450419
450423
450612
450982
451267
451442
451465
452045
452185
452221
452316
452459
452954
452981
453032
453043
453122
453457
453568
453725
453791
453817
453854
453909
454033
454251
454330
454474
454514
454525
454547
454620
454701
454829
454889
454894
454938
454968
455013
455129
455240
455446
455453
455457
455829
455845
456043
456111
456115
456124
456286
456519
456704
456733
456816
456908
457065
457241
457353
457439
457440
457870
457927
457931
457946
457964
457970
457987
458102
458185
458188
458203
458284
458535
458646
458711
458741
458897
459057
459145
459160
459316
459317
459395
459529
459639
459984
459991
460088
460278
460405
460448
460626
460815
460854
460865
460953
461149
461221
461268
461420
461427
461565
461612
461760
462137
462277
462330
462366
462367
462712
462724
462754
462792
462872
462918
463090
463165
463179
463241
463415
463545
463593
463615
463852
463905
463973
463974
463990
463992
464032
464090
464116
464242
464466
464542
464605
464684
464703
464767
464768
464897
465081
465148
465210
465212
465312
465470
465484
465559
465583
465598
465602
465723
465766
465874
465984
466038
466237
466273
466391
466399
466413
466533
466657
466862
466998
467024
467164
467167
467295
467301
467667
467668
467729
467816
467869
467916
468206
468319
468401
468403
468536
468664
468698
468714
468729
469111
469115
469121
469223
469264
469496
469549
469558
469623
469674
469746
469931
469961
469968
470074
470138
470185
470218
470324
470461
470602
470751
470951
470953
470988
471031
471056
471187
471636
471660
471665
471874
472212
472459
472893
472916
473058
473280
473366
473425
473434
473464
473496
473592
473614
473689
473721
473786
473858
473983
474051
474418
474439
474502
474547
474564
474572
474594
474635
474638
474778
474842
474921
475080
475186
475331
475471
475543
475582
475649
475692
476015
476251
476478
476498
476559
476653
476787
477031
477107
477135
477265
477397
477401
477685
477733
477892
477900
478094
478307
478511
478521
478764
479106
479117
479203
479381
479421
479478
480017
480052
480081
480262
480704
480864
480884
480947
480984
481091
481329
481472
481487
481512
481524
481596
481609
481636
481697
482141
482178
482203
482225
482238
482373
482480
482608
482986
483125
483316
483343
483386
483538
483557
483667
483722
483849
483881
483988
484020
484064
484146
484339
484364
484377
484424
484731
484863
485032
485161
485412
485427
485459
485501
485651
485674
485683
485694
485890
486069
486105
486171
486480
486619
486623
486645
486777
486918
486998
487202
487211
487247
487359
487386
487579
487810
487938
487965
488208
488226
488238
488254
488440
488444
488466
488590
488602
488686
488734
488796
488806
488818
488955
489026
489107
489109
489299
489329
489379
489529
489679
489749
489763
489803
489876
489926
489969
490072
490104
490183
490261
490434
490603
490647
490740
490752
490801
491177
491193
491233
491321
491335
491369
491509
491735
491832
491853
491862
492092
492116
492206
492260
492400
492435
492808
492951
492966
492975
492984
493225
493322
493367
493546
493590
493609
493643
493836
493902
493960
494196
494222
494361
494370
494602
494661
494667
494965
495049
495057
495140
495216
495306
495310
495320
495461
495482
495492
495501
495653
495695
495720
496025
496496
496730
496759
496961
497040
497058
497123
497265
497593
497763
497828
497946
498186
498259
498297
498424
498427
498500
498547
498558
498578
498672
498698
498699
498783
498812
498885
498971
498984
498993
499156
499192
499211
499321
499340
499370
499498
499717
499774
499823
499902
499972
500003
500150
500257
500305
500404
500483
500595
500650
500659
500688
500766
500983
501002
501344
501354
501366
501392
501431
501527
501649
501953
502184
502542
502614
502637
502795
502866
502870
502935
503178
503187
503246
503298
503355
503390
503447
503557
503601
503636
503648
503773
503797
503931
504061
504093
504113
504264
504361
504435
504496
504567
504684
504704
504715
504727
504861
505097
505220
505250
505319
505574
505719
505787
505818
505942
505952
506050
506104
506353
506442
506449
506567
506608
506619
506657
506670
506682
506813
507131
507302
507366
507388
507512
507594
507685
507710
507720
507813
507957
508090
508472
508475
508592
508623
508626
508732
508800
508833
508906
508928
509199
509232
509275
509738
509778
509788
510208
510281
510300
510435
510501
510617
510619
510643
510721
510738
510759
510845
510851
510889
510964
510977
510983
511053
511315
511317
511319
511354
511627
511644
511761
511860
512163
512181
512193
512313
512515
512516
512574
512657
512741
512773
513058
513119
513174
513343
513398
513447
513576
513592
513606
513622
513795
513867
513935
514113
514440
514492
514543
514572
514625
514794
514931
514944
515230
515303
515442
515460
515718
515830
515855
516006
516035
516375
516610
516627
516693
516870
516913
517171
517196
517430
517549
517586
517706
518001
518151
518162
518289
518652
518784
518847
519171
519290
519312
519553
519766
519805
519912
519954
520104
520126
520304
520402
520522
520640
520695
520779
520864
520970
521072
521316
521335
521384
521452
521529
521554
521621
521688
521725
521925
521957
521969
522090
522104
522116
522294
522320
522572
522601
522658
523007
523056
523057
523146
523202
523593
523672
523687
523847
523938
524022
524088
524103
524189
524353
524385
524514
524624
524654
524703
524832
525019
525108
525260
525292
525336
525416
525441
525534
525624
525647
525736
525830
525930
525967
526172
526241
526459
526495
526710
526774
526787
526826
527113
527145
527214
527221
527432
527472
527831
527908
528158
528183
528207
528514
528684
528758
528802
528908
529362
529512
529532
529686
529903
530093
530160
530185
530199
530209
530504
530587
530608
530771
530862
530897
530957
531064
531208
531259
531358
531381
531550
531580
531656
531983
532015
532028
532075
532163
532557
532565
532587
532641
532667
532778
533162
533215
533300
533308
533378
533385
533422
533528
533615
533618
533731
533783
533932
534121
534132
534367
534377
534390
534456
534801
534978
535117
535213
535218
535241
535299
535438
535446
535722
535874
535884
535895
535909
535998
536363
536683
536710
536795
536968
537020
537087
537097
537110
537151
537215
537368
537375
537401
537655
537763
538150
538385
538398
538449
538874
538941
538960
538982
539034
539126
539151
539156
539492
539539
539591
539760
539805
539919
540046
540065
540327
540396
540414
540559
540610
540900
540954
540968
541171
541180
541287
541366
541398
541722
541998
542099
542140
542200
542336
542527
542706
542717
543008
543036
543096
543204
543209
543221
543231
543388
543525
543721
543767
543894
543930
543957
544018
544023
544143
544169
544228
544378
544591
544690
544710
544781
544782
544811
544910
544978
545130
545158
545190
545440
545466
545481
545486
545494
545587
545700
546101
546158
546319
546358
546374
546511
546569
546957
547130
547228
547274
547610
547629
547869
547957
548253
548328
548332
548406
548569
548673
548724
548738
548845
548878
549000
549246
549270
549288
549293
549336
549391
549497
549661
549711
549820
550062
550145
550152
550200
550436
550617
550690
550754
550860
551015
551071
551113
551122
551199
551601
551975
552005
552025
552108
552168
552216
552236
552279
552304
552331
552372
552384
552695
552858
552910
553037
553121
553146
553222
553356
553411
553598
553685
553695
553728
553894
553986
554006
554033
554184
554254
554261
554429
554537
554596
554683
554772
554776
554850
554948
555050
555135
555391
555695
555947
556008
556034
556041
556124
556160
556164
556218
556225
556255
556300
556362
556455
556511
556591
556675
556802
557102
557192
557232
557339
557397
557549
557601
558008
558014
558080
558118
558130
558690
558744
558756
558915
558973
559082
559100
559187
559193
559200
559408
559434
559477
559494
559534
559559
559727
559802
559824
559895
559909
560182
560243
560258
560491
560570
560781
560807
560919
561036
561048
561098
561700
561780
561902
561950
562250
562415
562597
562837
563069
563194
563202
563267
563328
563501
563519
563656
563943
564184
564436
564598
564693
564768
564774
564785
565110
565249
565384
565704
565718
565813
565902
565986
566050
566139
566172
566175
566206
566445
566506
566562
566631
566670
566735
567015
567075
567097
567106
567113
567115
567167
567263
567267
567326
567329
567357
567387
567443
567447
567568
567715
567771
567851
567950
567956
568109
568150
568359
568445
568481
568552
568571
568582
568811
568836
569110
569235
569266
569436
569509
569634
569729
569982
570002
570037
570063
570067
570094
570243
570305
570396
570662
570710
570714
570718
570874
570969
571314
571480
571640
571740
571879
571892
572218
572277
572284
572297
572598
572606
572725
572829
572985
573110
573309
573312
573376
573519
573533
573632
573637
573661
573697
573731
573749
573775
573899
573940
573986
574000
574065
574201
574275
574306
574501
574506
574585
574623
574626
574646
574794
574869
574970
575113
575242
575264
575480
575492
575514
575560
575614
575700
575770
575845
575876
576004
576333
576351
576426
576602
576702
576845
576914
576934
577231
577274
577302
577383
577565
577661
577699
577787
577803
577896
577910
577941
578065
578078
578135
578451
578554
579159
579333
579339
579388
579429
579453
579921
579925
579936
579976
579983
580099
580115
580170
580193
580228
580247
580359
580615
580713
580796
580899
580915
580977
581239
581526
581589
581735
581906
582090
582124
582195
582323
582509
582517
582834
582867
582905
582970
583090
583104
583121
583125
583149
583158
583270
583496
583510
583527
583906
583937
584000
584052
584059
584173
584272
584399
584526
584729
584846
584893
584900
584985
585061
585097
585107
585132
585274
585445
585463
585540
585645
585661
585739
585804
585951
586070
586074
586267
586466
586500
586713
586792
586793
586899
586947
587047
587135
587187
587351
587529
587541
587619
587635
587765
587904
587970
588041
588119
588144
588234
588404
588421
588435
588609
588661
588679
588699
588734
588877
588969
589117
589228
589266
589315
589331
589355
589708
589945
589966
589975
590019
590089
590214
590349
590442
590544
590615
591236
591244
591327
591428
591446
591474
591509
592040
592056
592393
592418
592485
592562
592566
592615
592642
592655
592832
592967
593002
593079
593145
593349
593388
593391
593398
593414
593427
593528
593567
593636
593650
593952
594011
594120
594195
594260
594279
594461
594558
594696
594719
594859
594926
595099
595244
595245
595374
595550
595690
595930
595992
595998
596006
596042
596202
596261
596274
596514
596536
596583
596854
597031
597061
597118
597258
597266
597272
597357
597476
597599
597643
597650
597685
597730
597741
597805
597860
598151
598167
598181
598268
598530
598627
598630
598809
598949
599089
599221
599336
599352
599661
599683
599837
599873
599935
600022
600312
600524
600550
600669
600866
600953
600982
601055
601078
601079
601162
601305
601354
601536
601635
601772
601901
602109
602128
602172
602223
602231
602344
602391
602557
602578
602596
602861
602868
603178
603183
603219
603307
603315
603357
603427
603544
603554
603722
603844
603867
603879
603898
604109
604151
604462
604605
604678
604690
604781
604889
604955
605117
605132
605135
605154
605372
605472
605622
605659
605689
605716
605762
605877
606127
606179
606186
606203
606362
606453
606709
606909
607039
607143
607170
607268
607335
607343
607513
607714
607835
607914
608155
608324
608327
608622
608811
608984
609020
609040
609073
609268
609319
609370
609400
609468
609697
609743
609844
609919
609993
610115
610220
610730
610749
610803
610857
610978
611181
611259
611449
611523
611674
611741
612067
612080
612143
612424
612557
612612
612717
612815
612890
612941
612976
613017
613041
613112
613155
613176
613263
613324
613338
613376
613555
613762
613791
613897
614042
614391
614494
614524
614662
614864
615137
615142
615213
615245
615267
615318
615567
615623
615675
615843
615939
616121
616200
616520
616760
616949
617037
617044
617059
617194
617339
617420
617550
617599
617698
617731
617774
617802
617865
617975
618257
618495
618503
618592
618597
618799
618855
618863
618939
619077
619105
619106
619197
619262
619288
619491
619561
619589
619621
619646
619717
620075
620211
620216
620527
620694
620709
620756
620882
620941
620957
621008
621142
621333
621340
621458
621526
621624
621948
621990
622014
622092
622234
622242
622285
622387
622404
622496
622550
622558
622600
622752
622776
622781
622868
622872
622965
623008
623086
623326
623369
623419
623547
623752
623884
623912
624322
624400
624562
624611
624621
625196
625228
625230
625240
625455
625471
625526
625532
625642
625956
626091
626125
626189
626308
626449
626798
626810
627038
627173
627291
627376
627533
627547
627896
627930
628093
628130
628134
628269
628288
628343
628360
628517
628557
628727
629106
629149
629192
629262
629290
629294
629369
629414
629631
629680
629760
629786
629874
629919
630133
630343
630353
630501
630631
630649
630981
631089
631097
631132
631170
631354
631456
631507
631780
631825
631844
631961
632155
632317
632359
632435
632499
632520
632613
632640
632669
632682
632709
632801
632917
632924
633120
633439
633451
633524
633700
633760
633807
634001
634536
634611
634777
634816
634892
634906
634919
634983
635035
635062
635087
635121
635189
635331
635443
635472
635548
635566
635583
635598
635699
635700
635872
635956
636095
636150
636162
636554
636672
636797
636810
636832
636964
637283
637413
637445
637512
637633
637640
637727
637983
638106
638153
638155
638166
638471
638512
638592
638621
638670
638689
638702
638746
638783
638999
639039
639054
639122
639455
639530
639589
639603
639673
639795
639854
640077
640100
640179
640213
640243
640266
640305
640419
640461
640503
640720
640930
641002
641004
641086
641688
641716
641762
641777
641991
642036
642129
642145
642224
642311
642401
642498
642549
642606
642641
643087
643154
643290
643460
643571
643608
644022
644116
644204
644232
644297
644326
644342
644375
644491
644546
644635
644788
644902
644960
645052
645445
645490
645492
645576
645691
645704
645837
645880
645937
646019
646032
646075
646119
646275
646324
646457
646765
646784
646792
646862
646897
646904
646922
646961
646969
646977
647086
647256
647328
647342
647393
647490
647499
647522
647540
647582
647630
647655
647836
647933
648013
648098
648308
648397
648732
648750
648783
649039
649138
649193
649200
649222
649350
649362
649379
649436
649725
649799
649892
649894
649936
650077
650172
650312
650384
650431
650441
650486
650509
650520
650547
650577
650605
650612
650790
651055
651099
651281
651297
651412
651446
651818
651870
651904
651963
651969
651978
652017
652210
652343
652385
652431
652434
652649
652651
652767
652839
653115
653227
653273
653374
653388
653405
653492
653493
653552
653564
653604
653619
653744
653786
653911
654092
654176
654240
654381
654503
654937
655264
655348
655360
655446
655637
655641
655670
656002
656035
656170
656285
656307
656433
656521
656640
656680
656900
657179
657222
657338
657446
657448
657449
657462
657480
657607
657617
657813
658138
658139
658224
658275
658354
658444
658555
658574
658585
658650
658779
658790
658797
658819
658881
658905
659093
659319
659349
659393
659419
659583
659769
659774
659808
659854
659924
660077
660196
660384
660450
660587
660680
660838
660898
660993
661125
661372
661451
661685
661729
661787
661973
661993
662084
662147
662315
662418
662545
662811
662843
662994
663017
663110
663211
663381
663390
663551
663737
663742
663744
663759
663953
664207
664232
664240
664246
664317
664468
664470
664483
664639
664640
664681
664752
665185
665309
665436
665457
665479
665499
665502
665546
665575
665886
666435
666720
666774
666819
666894
667017
667128
667154
667189
667505
667902
667994
668023
668071
668289
668326
668446
668455
668513
668646
668654
668851
668854
669045
669075
669090
669218
669251
669664
669809
669991
670002
670063
670212
670282
670458
670462
671074
671228
671281
671389
671479
671525
671658
671671
671820
671831
671865
671995
672219
672454
672513
672671
672707
672903
673078
673121
673224
673270
673338
673420
673526
673919
673949
673987
674164
674338
674422
674426
674615
674660
674755
674784
674789
674795
674858
674951
675057
675519
675521
675640
675706
675767
675789
675811
676066
676519
676598
676641
676687
676815
676819
676838
677134
677155
677731
677760
677825
678027
678089
678150
678354
678419
678452
678534
678549
678714
678791
678800
678803
678809
678837
678958
678994
679028
679064
679184
679541
679573
679636
679770
679786
680025
680190
680347
680364
680415
680424
680633
680635
680716
680850
680865
680877
680934
680990
681238
681248
681273
681532
681586
681668
681727
681789
681795
681887
681926
681960
682376
682627
682853
682882
682930
682962
683138
683268
683273
683354
683393
683532
683845
683939
684090
684127
684301
684367
684597
684653
684762
684860
684922
685055
685064
685147
685191
685212
685236
685258
685477
685501
685656
685658
685757
686139
686216
686421
686523
686546
686856
686864
686930
687175
687794
687870
687910
687938
688007
688058
688147
688172
688215
688406
688448
688484
688529
688535
688604
688834
688847
688964
689062
689134
689219
689396
689498
689527
689567
689631
689831
689874
689908
689939
690213
690221
690428
690487
690493
690569
690634
690722
690787
690835
691037
691067
691102
691700
691781
691945
691953
692094
692233
692709
692769
692850
693153
693313
693375
693397
693428
693500
693502
693606
693622
693845
693963
694059
694315
694516
694634
694816
694829
694903
695104
695248
695311
695388
695840
695920
696052
696157
696189
696213
696299
696448
696594
696635
696693
696716
696780
697209
697244
697290
697328
697379
697925
697984
698068
698180
698242
698290
698344
698431
698486
698563
698589
698662
698783
698989
699224
699234
699349
699370
699415
699511
699609
699671
700160
700263
700284
700410
700459
700522
700708
700727
700894
700964
700987
700999
701070
701187
701223
701383
701391
701392
701620
701670
702022
702189
702257
702270
702357
702371
702471
702543
702696
702709
702806
702866
702945
703026
703099
703263
703317
703366
703407
703434
703517
703538
703558
703581
703992
704359
704399
704412
704430
704753
704806
704879
704893
705319
705392
705549
705574
705888
706012
706120
706219
706228
706291
706339
706377
706448
706472
706478
706547
706549
706603
706646
706701
706892
706907
706997
707020
707027
707058
707068
707319
707335
707435
707470
707538
707628
707880
707908
707970
708193
708222
708297
708344
708366
708507
708567
708614
708725
708818
708831
709135
709308
709365
709554
709560
709590
709758
709954
710038
710121
710308
710356
710398
710437
710438
710494
710522
710570
710740
710741
710839
710946
710985
711113
711152
711160
711162
711190
711221
711229
711246
711251
711254
711607
711623
711633
711701
711802
711803
711818
711935
712199
712308
712409
712426
712491
712497
712537
712691
712720
712730
712847
713079
713155
713240
713344
713527
713579
713584
713608
713801
713914
713931
713944
713982
714028
714196
714210
714222
714244
714317
714579
714716
714727
714871
715080
715269
715338
715480
715481
715579
715806
715861
716037
716072
716130
716485
716541
716675
716951
717131
717186
717290
717402
717555
717671
717697
717907
717959
718063
718324
718331
718450
718636
719055
719305
719669
719842
720039
720046
720146
720213
720390
720485
720661
720738
720760
720772
720863
720997
721036
721120
721189
721217
721275
721371
721464
721466
721553
721608
721684
721734
721736
721818
721835
721974
722268
722379
722417
722431
722712
722757
722864
723064
723231
723452
723631
723703
723782
724060
724111
724160
724239
724510
724559
724582
724609
724636
724652
724691
724739
724752
724847
724875
724916
725168
725201
725211
725219
725221
725297
725353
725356
725437
725442
725756
725809
725878
725936
725991
726116
726181
726218
726268
726281
726431
726554
726561
726681
726699
726825
726918
726993
727219
727229
727312
727475
727519
727531
727598
727693
727698
727747
728122
728186
728233
728820
728894
728899
728901
728970
729006
729010
729104
729276
729507
729602
729621
729872
729878
730002
730085
730316
730362
730400
730410
730434
730553
730593
730711
730812
730825
730986
731118
731214
731556
731711
731766
731917
732127
732226
732254
732264
732390
732483
732800
732826
732972
733214
733360
733452
733586
733637
733837
734004
734015
734045
734124
734213
734265
734421
734437
734672
734690
735076
735133
735188
735297
735378
735565
735761
735796
736016
736033
736068
736102
736137
736155
736230
736257
736487
736490
736538
736582
736987
737036
737128
737263
737483
737507
737601
737661
737667
737850
737855
737912
738065
738526
738684
738923
738969
739055
739087
739119
739148
739378
739434
739478
739620
739658
739758
739798
739853
739911
740008
740137
740138
740295
740388
740489
740620
740741
740833
740955
741019
741098
741170
741233
741238
741241
741271
741279
741410
741569
741601
741706
741764
741926
741937
742099
742251
742276
742490
742655
742742
742832
742875
742921
743141
743490
743564
743681
743725
743750
743925
743941
743968
744016
744141
744156
744258
744360
744378
744492
744752
744785
744852
744991
745026
745273
745404
745521
745533
745713
745903
745951
746061
746083
746123
746141
746158
746171
746238
746316
746328
746467
746477
746502
746543
747015
747116
747121
747205
747430
747499
747527
747616
747633
747969
748113
748132
748202
748399
748496
748522
748686
748735
748924
748957
748995
749470
749478
749644
749718
749786
749909
749912
749921
749989
749998
750014
750017
750034
750075
750273
750434
750684
750964
750980
751041
751092
751127
751276
751510
751670
751708
751753
752025
752098
752170
752254
752342
752500
752722
752870
752929
753088
753100
753215
753218
753284
753320
753440
753528
753575
753698
753823
754044
754055
754082
754176
754180
754223
754269
754288
754289
754342
754423
754560
754631
754766
754869
754961
755193
755279
755330
755591
755666
755707
755765
755769
755819
755837
755930
755972
756175
756224
756306
756462
756617
756750
756775
756808
756833
756967
756968
757024
757092
757213
757215
757238
757255
757419
757493
757527
757536
757684
757688
757703
757734
757851
758018
758122
758205
758212
758234
758251
758270
758410
758416
758879
758889
759066
759082
759201
759288
759294
759298
759448
759486
759669
759726
759729
759811
759838
759873
759945
760002
760045
760148
760398
760528
760651
760659
760662
760721
760739
760842
760903
760907
761030
761088
761175
761269
761273
761305
761444
761446
761461
761478
761592
761608
761640
762122
762474
762511
762567
762614
762805
762808
762846
762889
762893
763243
763257
763321
763408
763426
763478
763605
763692
763877
763994
763997
764054
764061
764103
764768
764815
764930
764947
764975
764995
765095
765150
765243
765361
765568
765692
765823
765854
765893
765923
766056
766106
766206
766214
766291
766321
766650
766660
766708
766802
766889
767086
767121
767402
767449
767882
768011
768058
768125
768196
768272
768395
768618
768854
768941
769203
769205
769266
769271
769529
769535
769735
769835
770056
770137
770210
770393
770656
770754
770852
771134
771168
771283
771307
772147
772401
772562
772808
773081
773164
773273
773436
773548
773615
773768
773951
774585
774768
774818
775249
775282
775528
775529
775557
775756
775832
775834
775913
776118
776196
776304
776444
776446
776539
776645
776698
776716
776833
776845
776851
776945
777031
777062
777384
777502
777658
777709
777911
778010
778088
778254
778260
778521
778555
778664
778693
778829
778882
779073
779111
779264
779272
779345
779670
779758
779828
779833
779950
780004
780174
780334
780393
780439
780529
780617
780787
780984
781022
781048
781049
781200
781218
781364
781418
781507
781535
781568
781594
781862
782278
782285
782336
782383
782446
782602
782604
782623
782675
782756
782871
783003
783023
783035
783392
783832
783836
783891
783922
784104
784148
784597
784715
784772
784778
784817
784868
784880
785051
785104
785198
785233
785360
785465
785806
785813
785844
785955
786016
786135
786309
786336
786725
786745
786829
787119
787129
787180
787200
787235
787272
787284
787368
787487
787683
787699
787976
788052
788113
788267
788280
788321
788546
788563
788607
788704
788819
788882
789080
789133
789150
789390
789459
789483
789549
789665
789764
789930
789931
789988
790113
790240
790247
790341
790571
790614
790650
790786
790813
790829
791205
791335
791463
791573
791976
792161
792408
792732
792819
792842
792863
793029
793174
793180
793381
793475
793477
793581
793590
793800
793802
793833
793925
794000
794112
794154
794182
794233
794247
794536
794659
794686
794795
795031
795079
795080
795266
795281
795363
795438
795854
795897
796025
796038
796054
796287
796535
796969
796999
797092
797109
797175
797465
797568
797602
797658
797670
797888
797895
797984
798107
798214
798304
798457
798499
798523
798699
798705
798767
798825
799016
799128
799248
799399
799462
799800
799910
800109
800136
800141
800371
801073
801085
801166
801317
801423
801677
801931
802138
802213
802261
802675
802788
802816
802872
802949
802989
803047
803116
803280
803294
803478
803525
803574
803669
803793
803800
803853
803863
803865
804305
804328
804519
804572
804644
804735
804788
805010
805072
805174
805252
805256
805262
805417
805506
805551
806016
806017
806168
806280
806457
806527
806570
806766
806905
806999
807171
807299
807444
807456
807572
807777
807873
807961
808039
808052
808097
808254
808273
808365
808470
808596
808740
808824
808888
808916
809197
809217
809264
809391
809721
809859
809943
809979
809997
810038
810044
810374
810376
810460
810541
810663
810726
810738
810745
810897
810930
810948
810962
810979
811119
811257
811393
811450
811512
811527
811811
811984
812000
812158
812171
812179
812206
812220
812312
812388
812510
812747
812751
812842
812862
812873
812938
812969
813113
813123
813283
813329
813400
813430
813558
813586
813617
813730
813733
813830
813856
813944
813963
814079
814286
814341
814387
814495
814580
814806
814914
814934
815017
815124
815127
815255
815299
815573
815588
815694
815727
815764
815887
816280
816287
816509
816532
816534
816546
816553
816572
816615
816698
816783
816985
817011
817027
817107
817228
817257
817585
817630
817641
817849
817925
818027
818043
818234
818319
818528
818532
818543
818544
818703
818794
819008
819040
819182
819184
819191
819204
819247
819293
819295
819419
819463
819509
819795
819800
819913
820016
820184
820198
820227
820361
820679
820764
820766
820794
820840
820861
820906
820911
820972
821187
821304
821312
821546
821773
821825
821942
822344
822522
822606
822611
822659
822704
822964
822965
823055
823176
823207
823420
823468
823488
823557
823842
823962
824052
824430
824557
824724
824769
824791
824808
824880
824888
825109
825120
825160
825670
825699
825826
825883
825973
826011
826263
826377
826461
826566
826580
826795
826848
826853
827325
828055
828091
828092
828148
828315
828384
828462
828739
828806
828840
829013
829125
829360
829379
829685
829853
829939
830003
830092
830226
830235
830321
830374
830439
830486
830661
830893
831059
831231
831340
831628
831761
831824
831931
832137
832159
832240
832259
832270
832294
832351
832384
832423
832488
832531
832615
832926
832930
832942
833026
833114
833279
833405
833556
833666
833691
833740
833835
833991
834034
834222
834241
834299
834460
834536
834559
834665
834714
834747
834888
834913
834956
835236
835440
835462
835525
835595
835599
835744
835784
835923
836024
836163
836164
836181
836205
836266
836491
836578
836587
836695
836911
837102
837128
837513
837609
837741
837767
837862
838132
838173
838225
838263
838268
838322
838376
838403
838447
838585
838711
838715
839079
839104
839172
839306
839424
839471
839589
839830
839860
840228
840378
840455
840547
840634
840659
841093
841494
841556
841599
841656
841950
842131
842235
842277
842339
842340
842365
842376
842465
842499
842505
842819
842941
842951
843015
843044
843191
843281
843461
843482
843556
843654
843899
843973
843978
844171
844268
844280
844366
844428
844437
844481
844582
844665
844775
844808
845039
845088
845278
845292
845692
845762
845778
845932
845965
846017
846097
846515
846865
846875
846903
847024
847179
847224
847308
847312
847336
847383
847591
847657
847703
847729
847758
847782
847834
847963
848024
848153
848208
848281
848368
848449
848517
848530
848589
848705
848740
848784
848787
848843
848846
848864
849113
849150
849233
849357
849415
849444
849469
849522
849598
849639
849645
849658
849661
849923
849938
850023
850042
850212
850305
850373
850456
850458
850482
850555
850566
850589
850689
850788
850790
851122
851178
851221
851267
851279
851324
851498
851620
852286
852326
852499
852565
852609
852674
852778
852801
853074
853077
853118
853127
853378
853513
853598
853812
853922
853983
854096
854197
854356
854358
854640
854686
854752
854941
854991
855061
855208
855299
855405
855481
855533
856298
856410
856562
856583
856587
856614
856628
856692
856794
857242
857258
857407
857434
857648
857728
857779
857794
857811
857909
858073
858105
858208
858256
858291
858506
858509
858580
858587
858680
859076
859095
859224
859519
859584
859592
859626
859688
859710
859824
859827
859852
859872
859907
859936
859993
860010
860049
860086
860092
860203
860237
860376
860456
860487
860898
860903
860996
861023
861250
861282
861330
861353
861418
861440
861489
861529
861536
861760
861804
861876
861962
862000
862252
862253
862451
862481
862487
862526
862696
862811
862901
862932
863028
863060
863170
863333
863335
863368
863397
863470
863584
863617
863677
863692
863802
863885
864010
864180
864219
864233
864244
864299
864353
864359
864381
864467
864482
864551
864703
864744
864856
864859
864957
865001
865300
865356
865459
865506
865688
865864
865867
866019
866063
866165
866250
866292
866300
866354
866520
866576
866679
866815
867126
867379
867392
867424
867446
867488
867525
867538
867615
867717
867736
868101
868221
868359
868468
868474
868516
868531
868674
868681
868716
868818
869184
869233
869319
869366
869500
869510
869714
869857
869949
869988
870124
870323
870330
870522
870540
870609
870763
870837
871065
871144
871235
871249
871410
871463
871475
871649
871848
872033
872056
872186
872198
872202
872322
872590
872900
872963
873022
873115
873470
873489
873786
873848
873979
874105
874176
874197
874258
874383
874520
874632
874664
874674
874876
875112
875447
875448
875726
875784
875882
875891
875948
875958
875963
875980
875982
876001
876100
876153
876222
876233
876244
876455
876498
876560
877019
877036
877042
877075
877178
877186
877233
877277
877468
877500
877520
877592
877619
877773
877825
877869
878110
878194
878210
878214
878242
878248
878308
878354
878373
878685
878849
878868
878912
879159
879249
879551
879825
879926
879932
880306
880415
880535
880875
880879
881209
881261
881271
881314
881483
881493
881715
881722
881949
882190
882191
882385
882399
882646
882679
882782
882797
882969
882970
883110
883280
883312
883443
883459
883697
883751
883760
883868
883959
883989
884310
884322
884458
884490
884500
884561
884766
884880
884895
884979
885029
885187
885272
885345
885387
885416
885439
885585
885616
885686
885728
885735
885782
885783
885796
885805
885863
885883
885920
885989
886036
886192
886368
886507
886581
886669
886781
886789
886793
886805
886952
887137
887582
887653
887726
887791
887816
887821
887899
887918
888058
888100
888184
888528
888549
888554
888605
888607
888661
888711
888749
888861
888867
888934
889062
889245
889563
889566
889796
889909
890046
890177
890347
890448
890478
890480
890502
890570
890676
890783
890863
890926
890927
891014
891162
891200
891315
891488
891686
891701
891780
891807
891911
891988
892038
892059
892208
892433
892528
892583
892604
892616
892678
892720
892772
892834
892938
893053
893231
893245
893366
893399
893612
893652
893702
893731
894157
894300
894332
894378
894516
894708
894790
894869
894880
894882
894942
895136
895211
895529
895538
895539
895875
895941
895988
896329
896385
896441
896458
896527
896583
896611
896618
896678
896680
896761
896840
896885
896952
897178
897458
897545
897560
897583
897632
897762
897780
897786
898070
898292
898309
898682
898949
899070
899121
899426
899431
899503
899607
899817
899942
900119
900306
900385
900445
900464
900523
900534
900704
900735
900982
901054
901282
901299
901512
901596
901660
901703
901749
901890
901978
902034
902085
902167
902197
902212
902396
902432
902649
902707
902766
902789
902845
902959
902997
903095
903361
903411
903485
903588
903840
903983
904018
904052
904141
904161
904180
904218
904262
904304
904359
904774
904825
905090
905117
905502
905815
905921
905998
906093
906192
906203
906265
906362
906944
907093
907178
907253
907446
907501
907518
907533
907537
907715
907785
907868
908212
908232
908559
908568
908611
909154
909304
909373
909452
909517
909810
909866
909875
910409
910451
910491
910553
910699
910817
910847
911031
911290
911360
911479
911670
911705
911815
911863
911934
912084
912104
912242
912304
912531
912661
912687
912815
912916
912961
913248
913287
913513
913531
913533
913550
913611
913710
913893
913966
913996
914115
914137
914148
914321
914386
914425
914481
914496
914507
914710
914717
914766
914805
914912
914937
914953
914972
915285
915365
915403
915429
915675
915957
915975
915985
916080
916106
916156
916353
916386
916474
916523
916674
916717
916764
916981
917232
917307
917329
917571
917637
917646
917731
917847
917866
917874
918307
918839
918947
919020
919073
919117
919164
919206
919212
919267
919288
919416
919707
919824
919937
920057
920060
920249
920277
920360
920426
920489
920556
920617
920640
920698
920699
920777
920861
921191
921354
921409
921442
921519
921549
921562
921649
921693
921774
921987
922385
922489
922627
922686
922951
922991
923088
923218
923340
923351
923388
923412
923701
923728
923817
924098
924102
924282
924302
924326
924401
924422
924484
924600
924679
924689
924747
924795
924856
924869
924986
925013
925235
925566
925691
925752
925844
926034
926058
926155
926197
926224
926276
926278
926292
926411
926679
926733
926829
926846
926919
926972
927067
927105
927329
927487
927691
927714
928000
928188
928306
928516
928546
928690
928723
929058
929118
929128
929511
929603
929733
929790
929834
929926
930171
930325
930439
930615
930855
931112
931130
931144
931157
931185
931372
931415
931506
931515
931749
931806
931848
931884
932404
932419
932467
932516
932562
932572
932686
932697
932849
932870
933137
933145
933166
933223
933408
933513
933519
933551
933675
933777
933792
934041
934047
934231
934369
934384
934453
934465
934490
934498
934569
934901
934930
934933
934969
935035
935068
935077
935137
935139
935273
935350
935405
935424
935494
935666
935789
935952
936103
936169
936191
936336
936450
936605
936642
936702
936719
936745
936848
936932
937006
937105
937114
937202
937319
937431
937468
937506
937552
937553
937601
937646
937862
937957
937982
938121
938154
938230
938327
938372
938512
938583
938586
938701
938820
938861
938903
939027
939227
939377
939416
939437
939515
939687
939833
939874
939934
940043
940067
940095
940104
940163
940335
940597
940792
940831
941184
941240
941304
941311
941517
941567
941688
941753
942118
942529
942531
942764
942869
942873
943012
943094
943104
943267
943347
943458
943538
943580
943611
943690
943691
943887
944003
944303
944560
944617
944708
944782
944931
944969
945151
945477
945503
945519
945750
945804
946044
946070
946072
946256
946281
946317
946552
946643
946713
946927
946955
947092
947221
947231
947275
947362
947596
947681
947751
948001
948073
948399
948461
948791
948830
948894
948916
949022
949270
949303
949304
949323
949792
949831
949873
949883
949894
949947
950037
950096
950266
950429
950493
950553
950601
950781
950850
950941
950991
951057
951110
951206
951395
951484
951587
951630
951705
951717
951846
952221
952230
952257
952576
952640
952653
952730
953003
953139
953142
953209
953379
953479
953549
953622
953754
953834
953867
953896
953905
954064
954089
954106
954172
954177
954231
954271
954398
954589
954595
954616
954634
954689
954757
954762
954933
954948
955077
955160
955332
955349
955369
955406
955520
955620
955623
955633
955754
955764
955767
955862
956025
956130
956203
956342
956501
956678
956760
956851
956870
957164
957230
957235
957398
957411
957763
958636
958653
958807
958850
958936
959183
959351
959470
959476
959503
959607
959680
959705
959960
960076
960080
960235
960239
960357
960405
960422
960427
960504
960573
960592
960645
960822
961276
961574
961656
961711
961854
961912
961963
962069
962101
962301
962373
962503
962572
962599
962634
962655
962808
962823
962950
962954
962977
963079
963127
963306
963330
963477
963655
963822
963844
963859
963952
963959
964038
964361
964549
964598
964605
964649
964742
964748
964830
964842
964843
964917
964931
965024
965057
965087
965171
965345
965554
965566
965859
965910
965991
966040
966062
966164
966209
966633
966680
966727
966896
967101
967236
967246
967249
967271
967330
967336
967350
967408
967429
967445
967609
967633
967893
967907
967994
968088
968243
968299
968496
968571
968836
969199
969256
969411
969498
969516
969575
969592
969649
969672
969760
969799
969819
969957
969982
970062
970148
970280
970481
970604
970613
970638
970835
970912
970942
970983
971044
971235
971330
971426
971587
971837
972010
972029
972119
972431
972495
972508
972651
972743
972778
972891
972990
973059
973366
973418
973437
973456
973541
973746
973860
973871
973963
974032
974040
974113
974212
974325
974420
974444
974492
974506
974534
974608
974767
974839
974861
974874
975000
975102
975367
975374
975494
975694
975789
975842
975930
976034
976036
976075
976081
976153
976398
976564
976672
976732
976892
977104
977314
977429
977434
977483
977521
977539
977755
977804
977876
977951
978040
978136
978241
978362
978483
978598
978767
978825
978840
978845
978860
978969
979037
979060
979082
979133
979211
979272
979277
979557
979577
979818
979936
980089
980274
980366
980369
980454
980489
980493
980505
980511
980567
980714
980778
980779
980797
980841
980872
981005
981085
981091
981174
981199
981657
981688
981801
981883
981933
982001
982047
982322
982420
982621
982708
982787
982992
983028
983157
983164
983241
983366
983542
983630
983660
983692
983881
984115
984118
984151
984154
984197
984327
984400
984785
984930
985031
985147
985150
985195
985224
985436
985468
985758
985886
986071
986287
986442
986446
986447
986778
986865
987382
987427
987603
987614
987625
987792
987831
987833
987854
987912
988058
988100
988155
988217
988238
988621
988637
988711
988724
988820
989153
989164
989167
989182
989257
989375
989433
989469
989653
989844
989858
989930
989998
990339
990365
990392
990436
990750
990860
991120
991149
991269
991578
991625
991749
991777
991803
992000
992003
992238
992291
992430
992460
992475
992645
992695
992772
992946
993055
993280
993321
993474
993491
993605
993608
994030
994077
994306
994389
994582
994723
994828
995200
995211
995490
995556
995582
995614
995778
995855
995887
995946
995955
996042
996451
996583
996611
996678
996709
996727
996764
996810
996848
996874
997049
997241
997286
997289
997333
997358
997595
997608
997669
997810
997819
997879
997902
997968
998227
998272
998388
998492
998509
998525
998588
998618
998664
998824
998865
998885
999021
999150
999310
999313
999431
999536
999597
999736
999768
999993
999996
Comparaes = 8807
Troca = 1626
