2578
3329
4067
5545
5989
7964
9360
9846
9959
11078
11194
11409
12661
15269
15566
15994
16366
17291
18048
18518
20234
21429
21904
22200
23344
25379
26120
28188
28627
30052
31388
32494
33305
34039
34877
35938
36337
38182
39936
40183
40353
41126
42100
42366
46135
47379
47576
47954
48914
49714
50354
50412
51612
51790
52573
53173
53396
53798
54150
54528
55073
55220
55300
55586
55683
55999
56722
57323
58250
58369
58941
60414
60866
62825
65056
67013
68128
68343
70242
70284
71004
75137
75158
75238
75931
77466
78641
78751
80004
80380
83118
85185
85236
85297
86358
87003
88314
88723
89298
89469
89867
90835
92046
93090
93823
94725
95939
96109
96420
97715
98082
98172
98558
102997
103140
105910
107023
107152
108564
109500
111142
111710
112733
113168
113524
114277
114786
115137
115500
116846
116868
117160
117912
118159
120570
121027
121484
122345
123647
123827
126214
126963
128488
128728
130179
132404
132879
133109
133798
135632
137391
137933
141350
141709
142300
142353
144907
146891
147413
148108
148532
152617
154547
154569
154681
155771
156873
158492
159023
161189
162313
163882
164528
165421
168244
168459
169470
170649
171350
171896
173485
174222
175132
176251
178581
182954
183696
184074
185369
185934
186758
186863
190368
191949
191953
192315
194269
194814
194947
196353
197186
197711
198090
201285
201887
202433
203338
204197
205130
205428
206747
207418
207778
207817
208820
210902
210957
211414
212460
212731
214035
214364
216579
217007
219487
219724
220191
221524
221709
222054
223521
224380
225140
225348
225551
227301
228502
233436
236148
238572
239042
240208
242626
242928
245989
246325
246569
247130
248254
250015
250277
250400
250534
250781
250787
251581
255377
255844
256373
258254
263484
264545
264600
265717
265835
265836
269645
272610
274059
275148
276831
277306
277582
278171
280557
280973
281341
282565
283585
284145
287209
288915
289097
289402
289544
290420
291567
292134
292298
293265
293300
294448
294579
294850
295765
295914
298412
298666
298738
299268
301736
302553
302800
303901
304249
305576
306104
306581
306589
306724
307047
307930
309533
310289
310827
311529
313221
313898
315040
315209
316396
317335
318770
319435
319957
320908
321851
321910
321954
322488
323907
324300
324461
325410
328150
328652
332127
334481
336158
336256
337289
338946
339472
340884
340923
341953
342289
343637
345250
345799
348235
348539
348955
351520
351620
351939
351980
352296
352706
353080
353182
354099
355202
356011
357641
357851
358480
358783
359851
364280
367426
367472
368895
370029
371422
371835
371997
372929
373244
374307
374717
375776
376023
377941
378785
380127
380261
381887
382682
382703
383652
384656
386668
388599
389432
389563
390120
391189
391450
391946
392594
393556
395316
396505
398123
400814
401654
403373
403814
404319
404490
404623
406226
406365
406736
407656
408142
409396
409627
409766
410026
411949
412042
412511
414226
414598
414709
415027
416912
418633
420825
422226
423506
424824
425570
426764
428035
428175
429720
430392
432194
434167
434243
434589
437073
438338
439857
440315
442281
444082
445316
445685
445977
448599
449121
450191
453329
455488
455554
456040
456559
456997
457170
457178
457587
458033
459112
459217
460324
461426
462389
462593
463688
464389
464758
465918
467403
468259
468653
469366
469808
470066
473142
474536
475184
475625
476054
477177
478445
478578
478644
479795
481366
481441
481971
482985
483258
485656
487714
488911
489835
491490
492427
492821
492823
493063
495962
496371
497712
498132
498503
499262
500978
502835
503176
504501
505061
505184
507126
507678
507883
508762
508846
509734
509987
510629
511363
512420
512589
513988
516123
517583
517930
519170
519682
520079
522930
523544
523923
524729
525047
529099
529119
529641
529937
530379
530842
533347
533607
534215
535076
535933
539518
539940
543757
544060
544530
544625
544904
545408
545984
546693
546908
547425
547427
548465
548507
548700
550197
551382
552122
553686
555400
556585
559584
561459
561463
563026
566273
567158
567305
574373
575053
576513
577249
577346
578920
582153
583069
583288
584190
584350
587703
589452
589668
590212
590650
592130
592785
592799
594312
596083
597420
598701
599239
599829
600368
600955
602501
602980
605517
605636
606349
606781
607298
608854
609865
610191
610949
613643
613662
613956
614056
614162
614634
617076
617237
618184
619777
623286
623582
624112
624873
626005
627081
628674
629546
630373
632547
632858
633198
633878
634558
634593
635452
638009
639147
639889
640176
641880
642936
644481
645132
646461
646572
648128
649891
651013
652157
652296
653234
655341
655471
656315
656887
657134
659216
659848
659959
660318
661422
662917
663287
664606
665462
665717
665926
669807
670135
670728
672024
673505
674008
674822
675146
676816
677123
679169
680402
680759
682248
682618
683442
683928
684501
684640
684715
685317
687171
687959
688900
689422
689780
689893
691917
692277
693299
698409
698749
703222
703457
703627
705831
705974
706018
706198
707070
707393
707766
708112
708168
708856
710560
711525
713211
713363
713450
714503
714594
714839
715450
715794
716310
717006
717654
721475
721585
721827
722628
724928
725104
725262
725333
727210
728586
729269
730348
738534
738824
739905
740151
743804
744904
745373
746066
746083
746186
746777
747401
748239
748736
752723
754064
754812
755576
756016
756306
756770
757644
760167
760800
761094
762493
763333
764018
764122
764209
765993
767346
767947
768093
768149
769408
771256
771807
772498
773328
774094
775512
776283
777148
781630
782283
783017
783297
783785
784406
784438
784810
785267
785733
786653
787359
789530
789572
790886
791261
792219
792479
792648
793084
795710
797414
797678
801292
802558
802910
803162
804231
808170
809996
811009
811519
812728
813261
813967
815842
818726
819550
819653
820742
821423
822293
822701
824941
826805
829735
830256
830556
830775
830868
832245
833230
833686
833842
836240
836957
838287
840497
840782
840840
841721
842094
842428
844051
844390
844542
844607
846711
850941
851494
851559
853386
856203
856870
856930
857126
858304
859193
860470
860816
861406
862186
867707
867715
868344
868817
870850
871894
874158
877951
879468
880752
881621
881664
881824
882012
883361
884027
884561
884880
885058
885742
886668
888829
889608
889654
890022
890287
890627
892076
894562
894995
896515
898640
899450
901164
901238
901342
904489
904662
905729
906742
908263
908753
909792
915200
916235
917846
918681
920975
922983
923236
923904
923949
924853
925479
928353
929777
931811
933461
935045
935107
935302
935639
936455
936634
938297
938928
939146
939343
939995
942016
944425
946115
946191
947600
947881
948482
949421
951033
951320
951375
951581
951677
953234
954158
955023
955178
955536
956378
956478
960215
962359
963610
963620
965179
969458
970070
970374
973234
973626
974240
974668
975615
975708
975754
975892
976315
977912
978417
978529
978849
979373
979753
980697
980990
982820
983131
985228
985523
985549
985808
990642
993071
993183
994640
996772
999266
999606
Comparações = 865
Troca = 160
