214
221
1982
3943
3954
4033
6075
6235
6938
7381
8587
9336
9811
10181
11311
11649
11823
12204
12729
13349
13385
13766
13864
14169
14220
14736
15489
18450
18706
18888
19229
20250
21387
21453
22997
23101
24447
25188
26872
27099
28544
28769
28918
29446
29581
30165
31790
35085
36134
36178
36828
36856
37369
40153
40314
40451
40632
42972
46862
47441
48350
49653
49786
51733
52296
52781
53179
54502
54832
55595
57220
57886
57978
58268
59028
59233
61081
61964
63282
63859
64217
66232
66924
68363
68949
70609
70781
70931
71683
71868
74563
75284
75777
77032
77364
78345
79697
81641
83727
84167
85460
85953
86426
86761
86802
88428
89378
89698
91779
92156
92541
94639
97911
99218
99261
101071
101838
102266
102417
103514
103988
105505
106641
106855
106953
108066
109255
109379
109646
110715
110997
112634
113314
113823
115249
115959
116482
116917
118210
120239
120262
121429
122953
125228
125407
125630
125920
126274
126284
126351
127343
127662
128185
128847
128856
129169
131448
133813
134891
135496
135639
136788
137811
138286
139632
140340
142347
142955
143608
144228
144841
145202
145807
146465
146496
150643
151066
151508
151954
155504
156591
159814
161768
161878
164181
165038
167117
169005
170214
170921
171072
171224
172558
173076
173595
173852
174451
176140
176400
176503
176646
179277
179421
183355
185468
185518
185765
186301
186929
187204
187356
189059
189264
189609
190086
190773
191556
193000
193443
194286
196482
196929
197234
197983
199257
199686
199868
201264
201529
203375
204648
205329
205736
206958
211250
212871
214009
215221
215296
217862
218825
219314
220252
220270
220541
222307
224569
225902
226357
227432
227446
229149
229300
229381
233446
234270
234770
235067
236806
240039
240304
240733
243190
244640
245801
246740
248420
249335
250895
253078
254411
256068
256787
259697
260357
260507
262064
262963
262984
263348
265517
267032
267675
268171
268751
271089
271214
272529
275383
275495
276648
276691
276857
278115
278827
279977
280104
280136
280755
281188
281358
281477
282747
282946
283338
284263
284698
285978
287034
288781
289143
290117
290854
296176
296216
296480
297893
300788
300829
301124
301929
302267
303660
304406
306090
306581
307015
307513
308085
309422
310137
310986
312189
312271
313955
314106
317050
317282
317593
319578
322657
323778
323993
325303
327712
327832
328480
328839
329349
329831
329862
330542
331098
331790
333079
336984
337363
337929
338930
338940
339214
344370
345247
346443
349405
352378
352942
352989
353308
353517
354633
354856
357895
358310
358761
358894
361473
362037
362314
362315
362477
363910
365987
366989
367043
367540
368392
368563
370429
372963
373929
376538
378434
378552
378675
378796
379415
379502
379662
379769
380853
381267
383854
384027
384764
385294
385803
386590
387257
387368
388668
389235
390732
391979
392738
392864
393537
393597
393656
394054
394415
394794
396229
397307
399989
400104
400657
400720
401438
401439
401579
405548
406028
407264
407518
408790
410827
413668
417455
418266
418732
419084
419653
420549
420718
425809
425871
426539
426710
426949
428313
428925
430055
431472
431599
431726
432555
433991
436573
438081
438123
438662
440317
447038
447443
447910
448186
448590
448986
449258
450706
453844
454161
455076
456803
457154
458527
458820
458930
459148
460496
463537
466989
467885
469669
471181
471466
471623
473220
474741
475130
475709
477381
477403
479385
481455
481622
484252
484730
486341
486548
488467
490297
490577
490798
490897
491676
493388
494529
495280
495496
496174
498604
498863
499754
501040
501196
503100
506047
507354
508397
509197
509616
510188
510811
512138
512690
512715
513542
514007
515518
515558
519125
520558
520841
521486
522313
522459
523683
524141
524273
524478
526373
527196
527842
528175
529689
532543
533833
534349
534622
535251
535888
536543
536551
538275
538474
538880
539591
540760
544301
545803
546372
548211
550167
550502
550594
551515
552264
552403
552816
553114
553396
553719
553890
556910
557262
559748
560398
560762
563854
564558
564773
564881
565279
566354
566625
567314
567335
567598
567868
569534
574263
574666
574690
574723
575704
576089
578428
579861
580576
582882
583252
583493
585471
586747
588516
589087
589384
589436
590372
590528
591069
591085
591886
592292
594737
596825
597900
598458
599603
599612
600561
601652
602495
603533
606005
606574
607709
609862
611347
612095
613660
614721
616295
618579
619981
620330
620432
625230
627201
627434
628088
628483
628921
629594
629880
631394
633952
634465
634625
635063
636154
636869
637276
638272
639495
642774
643550
644948
645794
646123
646143
646745
647571
648238
649098
651376
651542
651900
651956
653671
654012
654226
654523
655044
655606
656303
659081
659185
660954
661628
666129
668429
669125
669679
670147
670404
670708
670900
674378
675933
676699
677129
679731
681414
683083
683994
684339
685330
685421
686992
687648
688026
689466
689710
691809
692798
697268
697385
698172
699041
699620
701548
703563
705005
706595
711196
712814
713114
714947
715753
716563
716857
717337
717590
717955
718382
718969
719964
720685
722513
723670
724219
726993
728163
728725
730860
734928
735809
736113
737570
738969
738974
740845
743262
744709
745114
745214
746796
746883
746905
747782
748492
749287
751233
751465
752550
753226
754005
754173
755159
756053
757159
757460
757871
758811
759048
759892
761287
761296
761509
761874
762965
766095
766648
766722
766945
767714
769506
770724
771860
772622
773274
774513
774708
777467
778780
780086
780962
781792
781999
783649
787575
787897
788307
789310
789390
795676
795967
796748
797708
798140
800315
801196
801828
803271
803543
804403
804812
804868
805872
806106
806545
806715
807089
808046
808686
809152
809589
810111
810440
810459
810628
811358
812570
812578
813409
813666
813814
814495
814892
815855
815997
816963
822381
823377
825251
825402
826733
827004
827313
829446
830077
832214
832446
833556
833687
833853
834032
834436
836820
838103
838216
838428
839516
842065
842459
843218
843251
843356
846179
850419
850834
851109
851628
852988
857016
857136
857577
861206
861801
862286
862308
863658
864821
865433
866764
867412
870116
871907
872429
872436
872610
872660
873036
873702
875157
877092
878255
881938
885524
887186
888072
888132
889028
890040
890996
894014
894238
895112
895851
895978
896451
898241
899293
902129
903705
903866
906230
906426
907439
909286
911208
913069
914278
917039
918701
919297
919339
919794
920442
920647
922333
924544
925387
925610
926379
927116
927279
928415
928502
929670
929847
930275
930427
931672
933636
933670
934432
936197
937188
940798
940977
941198
941491
942793
943259
944810
945915
946977
947016
948039
948546
948842
950708
950856
952472
955331
956191
957132
958990
959470
959824
960328
960639
962865
964152
968411
968758
973531
974281
974512
975695
976337
976798
978622
979017
979548
980680
982853
983146
984183
984749
985031
986688
987356
988277
988903
990946
992154
992468
993551
994233
994600
994722
998174
998198
998286
998356
Comparações = 1561
Troca = 139
