49714
698409
507883
168244
511363
211414
77466
859193
197711
42100
196353
819550
507126
512420
946115
974668
811519
409396
949421
409627
384656
746186
676816
391450
478578
577249
456997
205428
584190
786653
378785
148108
999266
886668
830556
510629
98082
422226
884027
809996
978529
80380
629546
485656
592799
89867
460324
404319
499262
923949
328150
398123
670135
519170
789572
662917
96420
246569
868344
194814
547427
247130
857126
546693
133798
201887
57323
746083
624112
455554
70284
116846
535933
214035
602501
642936
303901
62825
561459
803162
500978
403814
201285
685317
922983
505061
348235
533607
265835
216579
242626
813261
977912
613956
874158
111710
815842
445685
371997
954158
901238
442281
71004
951375
656315
673505
594312
960215
250534
155771
277582
265717
559584
993071
951033
996772
498132
299268
530379
278171
30052
287209
605636
7964
901164
479795
633878
717006
925479
520079
185369
340923
962359
256373
292298
132879
444082
400814
607298
208820
556585
884880
474536
630373
877951
425570
141350
890287
239042
185934
168459
783297
473142
774094
791261
374307
768093
939343
605517
207778
973626
790886
548700
450191
561463
355202
583069
5545
756016
190368
214364
826805
589452
688900
457178
467403
628674
112733
871894
867715
298666
40353
651013
771807
328652
956478
660318
610949
410026
265836
818726
383652
56722
367426
833842
618184
722628
416912
137933
478644
121484
352296
819653
225140
555400
276831
206747
184074
389563
78641
51790
202433
633198
217007
974240
476054
173485
634558
87003
97715
414598
905729
481366
985523
787359
315209
117912
509987
246325
255844
502835
882012
122345
322488
107152
191949
113524
313898
376023
17291
906742
942016
219724
539940
159023
708168
15994
846711
856930
102997
944425
785733
522930
939995
771256
310289
769408
403373
334481
529937
659216
351520
411949
295765
674008
33305
487714
301736
861406
377941
833230
768149
319957
567158
822293
993183
789530
838287
354099
646461
455488
812728
432194
978417
752723
717654
802910
36337
121027
137391
566273
294448
488911
492427
590212
677123
39936
592130
493063
901342
970070
840497
183696
804231
407656
5989
797414
197186
358480
665717
357851
813967
478445
304249
306589
745373
21904
109500
295914
657134
761094
862186
951581
764209
868817
55999
955536
908753
648128
448599
324300
132404
289097
22200
936634
210957
28188
248254
408142
386668
428175
765993
714839
420825
70242
21429
680402
606349
645132
976315
263484
406226
352706
729269
684640
221524
785267
640176
644481
947600
602980
482985
80004
892076
505184
530842
617237
47576
293300
25379
434243
721475
305576
663287
142300
890022
684715
822701
496371
844051
313221
274059
250277
665926
3329
449121
401654
302800
89298
46135
250400
692277
529119
844607
98558
548507
889654
715794
596083
182954
255377
544530
418633
75158
207817
75137
965179
406736
412042
975754
250787
725262
764018
15269
391189
767346
464389
307047
584350
553686
353182
348955
760167
396505
707766
372929
459217
597420
88723
55300
294579
858304
599829
713211
933461
321851
302553
898640
728586
714594
388599
979373
439857
152617
508846
345250
434167
973234
652296
18518
41126
519682
367472
801292
430392
75238
174222
889608
186863
777148
459112
481441
635452
58941
708856
83118
894995
11409
495962
623582
240208
884561
117160
194269
551382
626005
539518
985549
599239
706018
4067
154569
739905
885742
470066
684501
475184
158492
88314
176251
935639
547425
171896
85297
120570
880752
682618
15566
406365
178581
639147
646572
577346
756306
840840
128728
896515
894562
114277
9959
114786
632547
164528
368895
32494
634593
53396
507678
793084
141709
683928
242928
203338
370029
842428
323907
250781
525047
339472
171350
703627
492823
332127
280973
763333
687171
923904
659848
95939
38182
669807
724928
670728
348539
93823
703222
983131
661422
725104
290420
317335
923236
533347
34877
293265
375776
358783
58250
415027
212460
743804
632858
219487
75931
428035
982820
277306
351939
156873
373244
390120
340884
98172
575053
689422
706198
792479
186758
881824
517583
477177
713363
955023
524729
748239
762493
414709
107023
820742
829735
833686
78751
462593
53173
154681
890627
550197
946191
756770
707070
319435
146891
47954
931811
236148
251581
638009
28627
438338
34039
60414
429720
747401
529641
468653
9846
292134
883361
116868
627081
227301
464758
705831
689893
517930
374717
94725
68128
320908
851494
289402
154547
512589
851559
86358
748736
103140
238572
291567
55683
272610
351980
999606
534215
881621
468259
544060
687959
351620
175132
315040
578920
639889
535076
783017
672024
909792
391946
740151
744904
757644
543757
899450
784438
395316
985808
47379
12661
224380
338946
68343
11194
205130
582153
545408
600955
50412
89469
288915
916235
264600
118159
9360
904489
653234
306581
576513
563026
212731
830868
307930
970374
888829
721585
754812
284145
707393
316396
811009
445977
655341
393556
457170
860470
975708
2578
461426
26120
92046
264545
456559
870850
382703
465918
289544
35938
772498
380261
113168
985228
725333
935302
469808
614162
656887
738824
412511
364280
55220
223521
324461
710560
617076
781630
85236
592785
298412
60866
133109
904662
325410
589668
775512
708112
55586
65056
258254
342289
445316
371422
841721
170649
306724
311529
784810
963610
50354
711525
842094
619777
935045
680759
844542
552122
462389
929777
144907
760800
990642
792219
665462
830256
381887
955178
52573
951677
20234
310827
808170
979753
682248
649891
664606
503176
475625
963620
980990
40183
675146
337289
659959
610191
18048
504501
162313
994640
948482
821423
269645
453329
613643
935107
283585
509734
404490
336158
975615
938928
161189
783785
918681
357641
947881
583288
860816
423506
546908
356011
463688
222054
693299
123647
832245
225551
142353
508762
220191
90835
844390
489835
58369
458033
939146
341953
481971
343637
192315
457587
282565
867707
755576
715450
225348
703457
298738
600368
126963
359851
956378
590650
96109
163882
228502
928353
389432
885058
951320
123827
975892
795710
613662
548465
767947
67013
404623
764122
924853
111142
221709
207418
978849
491490
437073
204197
194947
250015
318770
321910
609865
275148
426764
705974
953234
169470
148532
856870
54528
614056
980697
544625
409766
108564
93090
691917
689780
497712
456040
614634
608854
191953
336256
587703
683442
773328
306104
392594
23344
624873
714503
147413
414226
655471
853386
881664
824941
516123
738534
879468
130179
233436
938297
54150
856203
31388
746066
545984
529099
716310
674822
652157
908263
11078
754064
105910
784406
574373
498503
321954
713450
727210
469366
641880
382682
836957
523544
721827
353080
776283
115500
483258
523923
53798
51612
380127
85185
797678
440315
128488
513988
115137
294850
936455
126214
48914
42366
424824
623286
55073
746777
850941
782283
730348
492821
679169
567305
16366
915200
434589
792648
544904
917846
830775
598701
969458
210902
198090
281341
165421
840782
309533
280557
135632
245989
920975
698749
802558
345799
836240
371835
606781
