14204
175785
323623
323675
187525
964472
161358
938749
903561
372816
602139
611280
137958
469011
158122
707743
597148
244445
300487
461660
346202
611602
283293
203332
966369
794263
460311
306291
855693
85379
592790
869896
775367
430617
707776
477096
909294
869133
415845
812855
241949
17984
938339
894111
1199
96461
601854
598346
855109
416545
60006
201312
28147
343298
404643
508720
651766
864954
329215
507459
464537
922004
891559
754108
866825
599335
231204
776119
982672
647048
103179
224622
179236
41518
118733
180434
652182
234791
778779
507292
165540
838784
222808
193686
696286
141655
702405
348052
6609
31620
369715
985349
467828
775479
739457
848857
374814
484865
624977
357487
131913
728155
96313
825352
283878
729249
5786
936059
478244
298769
443351
643783
137553
180363
837468
348044
322018
54078
210300
842830
599901
94220
828180
581933
869698
81842
430790
244512
80912
569971
116203
727028
298127
726719
552381
582004
970172
72371
32268
448416
371140
989823
92199
22897
170186
443871
885144
492203
12153
95445
335034
126258
189664
677418
222395
573566
273464
653185
332282
354375
223156
448485
81404
35487
689408
633784
131695
659581
220359
163963
107997
105703
153786
714400
128600
838175
158271
527948
330379
684628
137597
665412
810885
841464
342830
33281
415030
616293
200670
747312
970668
938029
710001
566276
973516
399409
714264
619415
58990
934622
297582
681191
40326
965571
395591
683129
803747
68066
211077
134126
752693
348674
313742
563579
190138
656571
111064
119373
787068
825937
866684
271941
763966
576685
838216
251687
976093
552480
871102
549288
1308
682888
230479
41633
648460
626069
724761
966411
694134
450042
614741
961032
312920
928482
38816
503058
99258
149879
622430
400530
975815
3319
672471
739781
580003
24892
505673
556096
91577
890979
105384
92884
573867
850066
648720
736531
476135
887685
217147
684474
337727
831887
645506
650647
274574
684321
667909
373831
348404
804543
288566
324219
807861
475241
578204
387864
14337
83877
458164
105913
974855
77753
713000
62928
927818
875924
799458
918158
763609
530810
602632
615541
362697
762342
266188
637271
446663
448301
525306
795066
252844
813871
633489
574909
803316
725897
962772
817653
323979
935140
923565
813038
12893
150771
875965
454916
26695
189629
373074
790304
720438
489910
405845
597339
766456
186237
234610
213119
148742
274121
522389
401585
602196
670082
490698
405513
395979
453470
223166
234162
902814
660935
47201
429912
325910
437370
884827
352605
626998
772105
657113
861640
776219
577162
458980
542675
277603
207794
269998
426344
481914
306591
342133
598315
976672
832830
3828
886855
800504
741197
121018
703318
916336
168218
647434
756451
119792
532261
109056
746790
818570
280373
122635
108994
371739
581614
651668
649341
789408
921665
589889
785526
228256
932021
383841
719132
279056
901872
605988
593764
643069
241210
811286
73611
923631
458721
830061
43423
505186
453321
304417
323757
247898
427052
432750
619636
8666
598623
268977
312278
34493
373070
97805
262749
819295
481645
496085
98351
897722
616277
692114
54996
857486
17605
128606
781117
476325
472871
824540
981511
926191
643161
819472
174089
70213
252222
307929
78879
365049
91110
905360
399542
464179
3165
176495
283474
999014
672579
381824
896736
288857
588142
951731
146343
605747
594542
441665
596276
67413
780409
577787
507809
423570
397259
196102
493783
163686
504031
86866
528734
595140
992225
928275
573524
509595
104770
856997
508609
777349
753026
919549
580410
341168
385485
240957
461119
494231
682621
57396
561644
463030
149387
583657
886600
546646
293963
894587
224536
797993
981452
753269
907338
973677
195750
480862
997476
300519
337859
20290
592072
605089
939838
686686
460462
839528
927643
921580
333759
610264
493180
409607
73295
642567
993263
474099
703417
801431
368686
442157
599424
864342
195426
20967
352224
905379
501828
349701
205899
353892
369990
312175
958980
824033
998861
419442
663561
440709
855227
511524
50973
862611
921131
638471
19383
428599
626774
722799
230030
995459
164956
343659
859801
874586
364625
726230
779965
380658
75931
500068
248754
445920
326448
721938
784157
839513
655585
961922
280222
510812
473447
845398
887627
908782
483870
907010
851585
110644
144014
595820
620308
823174
939478
994313
211965
818307
720543
991929
713169
310678
6203
476127
270803
846854
198066
54960
686367
853650
16883
480793
878666
4534
326191
766293
913315
324265
187508
279105
949113
331522
874924
569421
154696
328607
77939
366660
146915
312687
872793
374288
623364
393200
850415
894166
240054
48481
463331
440625
416335
994417
435622
809205
998950
761813
89703
426470
86078
277211
705574
35191
122937
580499
118816
791836
909105
710959
672700
570224
23646
545493
944512
647009
452898
794927
55381
207156
357612
518711
161986
288151
513128
597607
97356
26283
359420
187058
452752
959702
464268
158326
509097
101409
253029
627913
893244
162135
338872
565944
732358
876721
625642
191075
37935
78540
500206
93315
799899
857817
126230
961884
145968
153562
559492
757527
179844
433116
944585
632595
392818
923057
305126
901915
24467
558154
44033
917710
234493
897108
997859
481056
773829
623501
672130
811763
216245
172337
419283
16144
544358
545512
978028
204531
213279
51725
962057
393122
484840
420847
539922
391863
343905
359252
807982
882575
431610
366219
314490
666103
263327
312349
147159
551360
935849
819288
363123
152094
505829
296610
682442
564392
356327
660470
768922
569605
226399
245184
476931
711238
180236
531057
617305
524140
404513
425287
920919
836123
791505
235409
502226
569036
61963
163589
120396
512016
982876
997723
664110
2911
294333
346552
567302
650659
521226
850428
734468
747624
609816
211400
973066
790051
256661
104577
828395
661174
44068
749314
497297
835573
498928
513727
918813
75095
677315
39210
587110
174396
551137
251220
177306
845469
111976
258812
10334
147406
623444
744801
409234
233261
470405
896505
23312
241271
1082
851707
902444
45149
115226
399741
394926
128358
427672
313740
203452
104987
867153
790562
279382
418290
555986
456688
777963
182167
229704
302501
329572
853148
561507
738806
86409
31912
635311
623924
273182
150597
989835
689830
195745
105062
603775
104876
747623
31447
418615
951075
136433
799972
255842
415815
732466
811827
386707
510429
993993
616410
812930
837770
983762
374437
576576
584375
920552
726091
208300
707939
390892
198135
397769
586636
817400
515749
205716
565024
547195
138535
516099
197833
938506
771940
613647
670972
97972
514558
695606
91966
645172
22741
443940
628935
397177
20516
213310
831933
260811
935813
54077
651702
133949
966050
752542
951348
481799
958258
516372
543198
96793
546675
741030
549504
832819
868881
220476
930791
383439
430286
536961
28612
453026
980900
171751
364407
515620
899264
710545
290635
835078
764621
456541
483231
730671
209083
434579
212470
681545
465156
755668
778338
526035
10903
327842
358855
879784
62522
803850
263223
492808
855015
806038
460038
350120
491993
824445
379944
391258
534990
670578
740540
299611
127119
223771
544487
850405
172554
271161
531951
637709
541033
310289
677949
551936
152335
551008
431720
729060
354858
209147
736072
724077
15186
196111
74197
507178
20556
454140
412640
69750
638922
667384
883564
766040
405359
428051
130650
577913
213417
662600
729826
754449
487093
407775
306385
639427
958782
252309
882692
827844
461456
618764
551921
476641
814874
140322
498023
349634
108666
424868
933587
747587
606456
817152
27832
11816
759407
158482
589728
972823
821081
319554
241478
308175
241534
62067
461806
200316
314376
858702
28161
775831
477467
580081
766676
806545
234608
778903
156180
343273
717975
89767
90861
324432
421123
118692
336247
694735
791377
440179
181763
612459
273937
423240
434838
515470
999511
410848
715786
313887
269551
258151
603922
261222
352436
370598
67767
587043
663705
223946
930316
381681
827917
21177
220317
763244
654072
70768
972183
445450
510946
153947
572113
784882
91391
6951
814557
90902
932002
44548
918992
715757
302698
522914
976978
655133
407716
44746
242177
585626
782895
172493
967306
125017
707873
701827
402466
876149
772594
374649
321599
797744
528595
407916
96831
134191
929070
911387
225092
861073
955934
658289
576830
258632
181203
68014
427970
103124
112759
670146
688749
409858
356843
656055
534875
578920
872086
451545
455069
644680
826193
290873
442424
868993
698788
539254
3184
627859
450642
742479
3137
920780
400768
579966
693617
96176
647979
121587
199299
274942
791732
888047
684800
662779
58307
733879
241699
930392
699628
210972
89277
525821
501844
531700
394814
714837
585158
912201
342696
550004
654681
345832
470785
569653
440002
164402
665828
602186
285988
865126
877127
591924
267378
76132
768907
325684
324215
524810
770280
23843
735781
859556
63869
751830
391256
972886
466667
490619
885088
323567
40623
53974
183603
511407
623626
623604
190013
289455
739994
990204
668785
131327
582128
936163
721662
865239
776051
45878
390049
546332
583924
640035
405888
161997
391865
311349
134884
372736
801967
19972
210507
842589
588149
394109
868201
211775
531917
58214
15434
271912
562623
684219
403238
144751
134587
124900
524195
910637
684981
914243
456969
783110
68483
377062
945106
460347
688410
594194
347287
4582
128370
557793
361375
716518
466106
743780
442498
998023
801994
457931
784139
364617
656354
701581
23572
790940
340685
61971
701578
539871
976214
672751
837185
44697
49813
782291
19249
252427
890690
880739
771212
19060
952737
132588
249783
418843
876367
692280
931070
192566
150211
229414
71387
320770
930994
609163
111710
785884
671133
327492
325755
161552
514448
162940
720453
564260
459435
253906
330892
864329
134645
102104
883389
87382
234691
133172
20430
625263
339656
465704
817828
4071
695118
403420
324840
140317
12583
950754
926200
683715
792450
766159
359472
306898
443303
79925
385363
416943
333830
716254
281272
468474
332562
678865
70061
81458
326241
604694
706720
665896
70398
38753
184172
765515
442172
509011
420037
454754
973969
346237
652674
766420
626601
12146
587522
584108
606274
972884
1051
940103
203343
796527
922781
535905
475392
507046
131567
315838
111740
838286
495938
182138
391243
680109
461857
833415
703325
881893
802373
677294
742335
455047
443714
883140
981396
545441
467248
587670
518325
982503
41978
721668
779030
964759
771777
768626
471805
903343
84464
97750
255834
580402
279887
647076
774715
255948
994695
478040
652046
797069
155335
394381
766320
113253
277521
261922
658693
258973
849591
691223
241476
891569
927095
20506
370533
213077
789132
356542
630624
387800
454291
886457
482406
248382
47738
257122
504330
556638
249366
156376
353707
918904
64961
634231
32158
342481
896152
205055
115658
259949
896277
357134
151518
337577
377639
36255
550653
680975
392796
181277
582980
847087
581938
65386
95469
143881
836711
114003
700518
784582
54225
4982
849542
202660
551343
706227
98813
270603
821885
358761
681084
179019
24483
18662
70862
574941
569314
266042
967736
264796
849021
329028
846733
428611
938701
990613
779527
52704
691131
379809
837286
259560
898994
686828
976424
964542
907260
75237
235145
729145
948201
916228
422368
486888
449094
493229
61829
532613
273475
543769
797408
122496
872797
158346
65312
811498
148960
844838
864201
354295
738851
215692
128060
637845
416725
104484
602387
323985
693924
351736
567334
156330
267965
503906
643217
231263
997134
219250
763875
270610
763018
561283
907309
150020
719629
486825
961517
382793
331663
339924
251292
584718
69820
379351
222564
486544
998038
339155
324733
691962
690891
406271
848291
473060
910176
5713
704322
421516
739166
468198
206330
502185
543685
627843
166409
777518
114669
642131
160311
960535
982054
925807
545254
566078
305158
282022
566827
817401
621176
405764
509363
826271
812035
871859
299331
236416
391776
3654
657931
130943
986055
378465
147332
529740
6309
307259
120977
955870
981773
81512
452129
907580
140970
18208
726943
422991
99239
544344
558372
505002
567911
384643
831241
953974
683974
67658
345751
201832
239793
476693
187887
618258
624024
231831
624566
937763
53294
259747
407839
35068
855462
859967
942647
996432
392379
183795
933627
491617
728138
491999
510824
810254
876642
342065
764228
74821
923926
109979
276652
163720
586671
978742
781977
210695
210573
920747
662663
263867
180494
70502
813138
35956
444673
755785
32388
837052
453785
966015
842873
181923
972218
353697
992176
363065
209967
756405
437885
133893
380588
714536
297612
967259
207483
593793
692158
418056
514540
354821
196127
695033
939526
9265
730989
384200
279254
277581
221252
733038
757800
64125
429166
730019
932026
935546
607288
141993
206156
45174
275885
586744
273914
87702
68208
481397
681494
760365
413657
196035
629391
609783
891067
568917
133252
136261
467321
412505
928046
688572
145544
685846
266902
88914
930069
713132
24460
537358
855124
230616
582531
645213
817359
370649
732914
885566
852045
414409
160136
265702
610443
789526
389689
15715
872648
522940
151976
339969
449650
594226
28542
109398
280072
809647
198311
724346
522779
222770
261704
892107
453385
358439
537320
784948
243292
270235
670514
95338
198848
830650
875243
809290
134381
779137
339209
7029
816281
5389
346998
265931
599614
889743
889532
879686
213595
87843
118237
250578
824817
894144
142685
792406
766787
194209
577355
10079
978647
762073
619620
177495
106928
9069
500989
241309
788205
840198
762541
118691
845586
623743
384622
959405
513486
788358
353296
241285
876201
471532
491862
701018
365676
148751
493424
132463
857164
584983
142541
835811
347057
276366
527511
453984
285434
542704
209497
587843
382902
972038
706533
742693
595781
605359
702098
623472
393718
55394
378961
269919
41130
870823
485141
406805
533778
492769
53472
390942
591957
710216
226754
939013
986581
268469
907201
272015
811172
630903
859857
708279
117146
566391
450972
227131
685954
667274
364807
79672
236872
743768
863794
278001
614591
863139
199010
148369
355909
252481
53516
462070
962696
280269
401083
463483
62942
822488
249702
874113
453391
109560
96597
84741
190155
547568
311872
876108
729046
676678
469985
480122
420446
333779
758122
549241
196919
471336
697610
67032
723816
751125
529101
200718
545598
444388
178405
122744
266876
428106
511061
234472
51870
607658
319212
242024
669430
145288
632337
398477
821966
102322
878598
242412
950304
150926
791653
147223
136466
3468
214254
374487
268797
257559
89409
328599
701946
267813
451342
483027
695918
962402
717498
747788
570060
550914
504016
239491
696202
136353
152172
32373
752878
544974
788988
703183
210104
94846
364610
346570
612517
93069
721056
881313
350627
810464
209912
52574
78277
175458
535600
288399
137861
767302
36187
222125
832420
540203
461615
42827
190760
127991
75199
943638
672965
378392
161026
883068
473237
525635
743842
85755
618703
464898
481272
483535
789566
205389
536108
382047
380846
585912
670446
32911
867418
220837
769240
214043
761039
230855
256870
466004
873050
846272
409642
546015
224664
84872
429083
212106
610506
687130
297860
743414
152028
293336
226949
455799
498724
277261
352050
393775
377377
22496
940889
244795
757537
710129
458837
32781
455189
229911
498784
328239
76184
908425
874253
815051
507501
817540
27157
632212
504670
839220
375626
170903
132557
602574
140906
145485
394039
492955
53464
771415
29656
994353
16210
787192
218687
989250
819972
673875
733366
318757
2114
809549
741386
390571
138805
763092
722316
165962
395304
226986
519386
770929
912092
166147
887707
567202
311632
281746
60158
879299
567365
89813
873652
583574
391209
92340
87029
725385
280419
820394
558346
282533
144148
813937
187308
797157
577029
909623
963118
972332
650814
482504
257466
77111
162856
145173
644313
474487
941122
704470
867990
508487
308487
255848
606265
213900
348187
207498
939284
142810
542097
11836
939546
686244
825772
126855
997605
402801
36478
960723
889337
687291
957432
146803
278607
120288
806179
922919
108979
261506
627389
491173
769992
450080
747020
890461
663979
609411
97959
117468
752221
640055
129303
691767
840504
955074
818621
838109
872079
369304
313038
275621
570799
784674
936627
849405
419166
742806
772324
42349
4312
913917
533521
288508
363997
280542
178969
27976
889952
276928
659648
642173
916982
788950
848145
271691
258230
666766
109801
644513
550274
937042
920134
121074
721716
856761
970478
140882
113773
257008
183230
118084
170925
716750
920796
534922
511496
99765
77102
401449
376692
736749
557826
807879
39905
405971
593774
298134
586942
217779
942646
137216
154821
376985
772493
876536
747951
742972
531622
861723
999979
229056
494011
685108
460011
414807
220030
971506
514572
811336
887159
405468
62290
444986
727551
102194
365161
321326
914531
952102
539104
371383
603523
208130
748367
376016
84666
496318
633192
130493
872245
147376
359548
366257
832484
819558
781063
566718
791065
809839
892258
678224
215308
954548
637414
457063
570946
2576
778388
485478
468882
831697
856860
586609
39827
119432
962625
638696
129955
110022
769188
516404
257398
128737
882660
604086
948294
663724
170804
739359
987767
63063
931788
203075
531815
569202
660138
102761
85982
952730
588238
554864
298632
959302
141473
338458
592939
618302
977154
237098
728324
746342
753501
499926
389283
636162
104012
337578
814090
789019
591141
801857
852081
522929
519137
383896
606336
693479
862
692317
646209
589099
761385
944841
62607
902858
797503
655545
35365
774657
892642
763688
35205
646143
263614
424487
796509
881829
276269
610599
670849
867410
926661
37135
904543
445798
421031
510879
653481
421892
717401
299690
525195
478786
758735
587801
895848
70444
243346
931213
359305
650192
209106
394509
296336
472720
333201
92845
354549
123674
217649
539602
991083
144310
576737
409832
104312
997767
434915
757792
933863
152316
571686
973262
145307
844626
75269
555359
915069
832818
486572
788578
483011
695678
697292
293551
682602
30493
900599
551355
154166
118248
90958
659454
776761
667694
69286
395277
179666
504200
153069
627733
170721
238960
600995
830231
597790
190468
385590
512859
23287
872162
301437
506297
82045
998728
799847
278851
543425
700446
830205
211796
332899
921162
871249
623864
103061
454739
19142
282726
473143
172210
910458
643863
925373
25659
988298
523163
216126
373889
550226
239412
760255
365868
259913
842299
878800
573964
121150
422226
274411
951354
148226
121514
386722
533679
745377
489782
988417
764518
286713
461560
450933
197171
619628
376306
737033
122131
413674
467364
496019
963899
220980
256274
329767
480893
98573
722772
54857
733926
144998
843471
199486
807427
964984
100412
341106
224567
590193
329523
503289
876905
305287
954221
588281
439119
844732
839518
561250
772610
306882
571473
736509
527862
827747
580481
522959
440524
303253
92020
688655
962454
935491
888140
769881
414680
988551
110987
153451
92949
954713
656740
484059
774204
610961
586544
727528
969897
426062
802982
742507
247149
374455
993221
289215
202202
87907
812173
156931
391159
904192
845585
867817
353888
247930
151903
768568
236481
777093
922018
843633
246011
578758
327692
20215
703924
914235
261947
188026
854502
64929
930533
101651
439384
923754
390865
155790
11661
717242
826924
917023
621434
672509
299045
975322
434643
450947
258095
671123
742244
694317
28962
988254
787280
356653
522673
491204
785093
784620
193434
153800
363753
123967
769654
317341
561925
674723
987335
87790
391965
814259
519017
527603
974
818061
502925
435616
783212
275224
620944
525456
969541
649905
27915
271026
520762
550588
276434
820059
849412
469867
488063
213165
593834
257717
44711
669963
932439
32046
757753
324404
846304
276770
852007
361482
609036
869136
797098
392248
658565
932246
431909
142311
582151
974027
413336
617117
524615
689769
951381
888231
159636
439444
615601
267674
697161
660311
937637
629600
692356
209595
468209
52865
486364
834420
928551
609604
217761
239854
516057
390530
172100
462170
532840
268455
436197
946175
885571
475017
150149
836952
363248
309785
276397
493053
91663
487762
153364
29300
631566
359924
238894
613979
926993
239463
962603
855544
363271
180365
95398
879327
570894
781701
341497
617939
50156
291899
564114
449931
766915
714263
801088
644367
538252
591689
137421
629914
79451
290784
173419
225221
164913
926516
839200
91906
680183
801803
461654
43455
496372
557051
436986
67267
338752
292688
685205
903111
584586
763523
353042
865705
991990
154130
510072
44447
260023
647492
674361
339473
452481
361984
564694
131598
288500
918098
223503
482888
719901
685156
526342
216274
756411
477532
609367
284424
997153
512478
869009
274881
379724
248919
266872
48059
758991
311318
308081
920687
499883
161759
887372
376071
726452
18970
664571
158755
756676
147459
878655
956036
188005
609133
226652
179741
406877
836018
464165
918234
862700
847378
193116
756629
96298
974191
318892
369493
799713
626972
290180
813801
302935
691757
189872
29387
224931
854442
702345
495812
516105
581001
451848
218314
190134
192705
912259
111216
542927
376424
543654
919832
738006
250974
676461
834303
225165
995352
718000
24879
136529
522385
838679
439464
214142
28551
983054
953276
397198
685400
449088
427507
780605
415141
160026
484943
607845
72285
110363
150772
962912
654017
70604
700918
904990
261269
49427
644360
256621
767426
669238
907354
289811
22122
861022
18157
564876
844076
971433
476278
43681
420521
417990
824285
835661
578015
309229
957710
164504
419591
108483
127416
587812
693290
342538
492803
954559
906168
137163
211180
187800
320605
632738
991814
856930
493760
9972
936010
852041
495609
412289
895721
916129
830278
234212
265996
922497
543440
737910
87001
477235
846392
728620
65048
539683
71158
72055
494242
491531
723421
219626
679330
44026
366569
671144
900955
860328
195320
351170
712369
690928
763458
122296
121263
107941
356507
901462
30438
414151
639372
117438
405590
999969
846057
470637
53857
431420
56896
548098
922950
780316
281928
116485
338546
648496
301833
753705
23030
497153
735398
702285
868333
371898
823547
976274
728404
239214
520916
142555
878586
638354
548145
878555
998615
532986
446616
944239
104087
994713
381394
884402
790845
497878
222949
953546
799711
976653
976575
811068
81529
226178
513353
464067
598076
851105
954545
326480
90319
475461
983239
483109
628019
45589
875868
140840
92779
322484
85079
196865
831401
466473
81268
622247
478555
818420
575793
792470
309278
552368
603538
905011
778545
631096
369078
890825
996405
217306
86724
313288
714749
84038
941307
760337
959905
82147
853115
796594
167225
49981
627995
147902
645452
764446
626457
978076
340239
418927
287354
406811
536670
192365
699561
681970
561442
590386
678375
399269
321896
279303
712557
36645
877544
168069
311186
837450
250215
164302
148249
931643
728486
776243
79546
373938
54895
220207
352014
395133
153338
153572
316149
204212
345937
529914
886181
421583
634504
78761
335057
470605
872268
561818
21454
749812
729886
332640
101467
980100
496941
249715
425948
225427
540163
19698
113569
595057
239904
979786
504394
907446
133358
334747
111658
993498
378865
512044
415082
527574
105009
264343
998178
977276
826160
19632
241294
556046
352271
856964
50351
363416
620884
476298
103047
675251
10201
216615
270308
764308
196401
288906
671754
329759
137858
297617
323257
516722
809660
252543
558500
428873
31090
556678
920354
857249
90515
675852
413295
956989
532816
977849
320406
153700
968352
937656
828950
978552
154272
613462
742860
350672
416573
414615
194635
554430
226436
32097
585356
36096
798843
143857
979172
829933
214739
899526
687182
305253
575378
614682
776447
622399
106736
611057
776098
75088
548713
119254
53640
702984
246920
310705
567861
177697
239524
276700
732126
465959
308796
831687
16259
107640
975543
995430
937572
190282
409162
138959
9740
498744
267845
786186
121143
374581
397243
411446
449668
945955
44904
17513
163145
291823
328217
245210
469520
567740
521909
715850
547903
830705
547537
564161
452549
37285
73796
904325
227567
482957
557488
237306
981701
825333
537696
102844
199914
449143
28494
163786
909302
73397
181298
72447
879424
509514
317656
348944
591458
353770
578998
139361
698679
126536
217726
151228
163820
291522
569757
905590
774478
127245
657100
270384
466782
709000
887432
666695
158143
915925
830481
67446
989322
11779
139892
868746
35498
971752
731894
141160
839726
310892
794725
538405
951631
12451
203837
629656
818176
773593
49451
592655
415042
706551
377243
881824
415551
264675
548519
87899
694805
893204
155344
684127
419188
809439
67078
968889
295396
798971
110049
135122
624067
418978
673526
575699
431429
877362
719559
249605
165160
769009
356464
580202
989764
247912
976230
919520
26791
38954
7419
721595
932158
676966
405722
865550
486405
472799
834439
781801
785974
458692
431127
410042
877670
618858
499945
823303
10425
733708
72908
175585
16922
943576
269991
6687
705692
246221
440411
732482
285174
962033
454078
731536
638999
859799
597086
639608
846803
431525
935613
146982
890217
366741
71228
282092
985598
85377
105395
510227
819084
692506
200016
350211
150287
470006
871101
855978
230431
311512
588461
29810
273545
42539
275550
426748
416542
872636
66356
777549
818365
1970
924531
222787
368710
995758
504878
868512
595340
610272
378739
928628
816983
578755
278839
967269
562965
149940
823248
307601
975655
411709
337410
763404
454247
612959
190152
870788
999799
256508
648338
818165
772681
87074
555156
655595
597036
60035
38312
192376
184511
931254
635209
1494
24214
914047
968763
587179
578192
792011
408984
68052
203720
260598
831456
172171
387761
21608
557163
387561
792319
205501
719930
79205
806778
275086
734799
403815
849324
773110
596190
33836
704365
231399
549533
728578
659651
518296
829961
752047
824511
753149
820098
542435
13747
651554
714605
401508
187367
271769
303273
493890
991473
23203
573095
798252
812492
822098
716271
661817
109414
312461
209857
813778
58065
759389
56561
231920
277686
400727
983966
616401
153876
318269
158837
681827
484028
387646
83335
671394
173619
386607
679488
679297
924013
252583
477549
736505
588886
193820
912526
698299
20485
122383
26282
592753
881772
597046
338877
673662
997772
837047
290063
665853
155317
963103
347680
639344
350750
945218
824942
524368
846029
504430
203665
284247
271218
195418
534956
860103
903441
447483
72607
438131
569865
98888
545088
965841
695933
883965
639503
207911
235217
443771
387968
904737
406874
735647
58286
757623
195070
883227
796196
555303
901862
514065
839549
687284
223688
374505
547387
641333
821987
134198
79464
906057
233085
138757
871898
929017
536926
25607
651132
772142
469377
39100
191085
876250
288951
249370
148079
484020
646802
458479
39323
548664
486748
393076
750152
710435
767581
811743
865973
103773
945940
945436
9830
179025
598397
881728
622246
135323
421539
273379
421670
890915
826682
612754
281370
115634
862123
943652
113858
23130
402131
667385
571793
888879
60461
836149
113519
828041
647892
979491
931814
593832
439133
455848
287061
37530
337576
909307
172853
273319
696890
108727
164234
523572
721480
959808
639205
583603
903460
753063
606733
305592
420448
692730
708675
995112
528880
336398
823154
690976
830094
269173
284809
269227
725020
571869
820960
576801
995380
508017
850119
692270
616743
528558
730047
338223
488366
883456
436031
391826
636519
556968
211622
571171
763902
434501
566284
806986
770899
903642
497963
600993
172815
296976
384424
897834
868844
719588
988839
378430
227606
838959
584904
358553
367517
314951
696776
370087
198408
647011
276117
349131
203979
487739
434507
482085
922239
514995
289072
207343
418637
787034
322540
105656
84010
221168
517694
467058
940756
506534
845487
682566
345493
430392
41119
227214
259547
252099
111505
457954
899109
387621
807085
617292
875359
755796
99378
311804
270791
388449
33351
203632
689687
355891
309287
287901
91263
826980
754958
32019
333514
114651
714584
193211
545042
269908
934628
804588
522006
46133
776747
935320
947958
98037
552612
823317
853832
166194
649325
638827
68847
682676
842458
758533
552771
151745
560638
644033
492929
315597
190257
340648
944451
419045
48063
489493
688952
982691
808285
210959
543028
99237
146279
490986
197273
213095
828508
565309
379289
992037
204136
962339
188918
46594
720873
255893
198338
795715
414131
691267
111312
604387
31915
55763
537636
79977
59460
226589
576872
381950
951751
634105
995390
612234
639295
192664
825328
982007
272177
718821
488250
476313
681161
677167
37111
916238
933060
235449
711953
861395
440920
337470
979986
987038
907436
517622
581219
481101
744210
672296
377255
210166
820605
372645
822399
974104
565308
161933
956112
837485
394958
444362
828002
590323
635733
865112
20766
82998
614765
246924
944392
569889
584393
924378
71132
6034
442001
166556
487134
700415
838851
864388
910581
173661
237034
247185
147765
316546
409117
618081
668235
804075
576647
496237
908602
212381
875554
929368
295378
490319
176292
239771
574413
760684
678353
645544
280922
120354
812099
768056
820769
165155
146649
245555
853019
897886
492739
785
214433
901856
618865
396872
220136
709717
407314
128738
922097
282868
572310
217475
287391
748601
971449
861803
23490
649803
507348
304412
284361
833651
586672
619334
513011
733320
864888
366030
145412
357628
881018
359844
773688
14089
756715
508028
723805
164029
150970
645902
961100
723280
377581
248492
471881
863235
110295
495371
513038
131847
313987
797398
479703
900658
930937
992713
148183
795825
358743
293594
667657
753966
167642
441345
768054
438562
949372
491859
602590
614547
651965
77896
337827
29546
326387
809707
892780
950885
819282
920022
82733
133269
231626
76640
548131
162563
69353
696314
958387
942299
504112
626045
696265
581594
464319
110316
45172
470382
227110
659718
122347
305005
997544
666097
145596
321456
558877
96482
140739
993104
693418
788211
224730
770057
336343
387292
839409
546861
345679
295913
485928
506383
236931
67523
970701
347246
626898
955288
88561
286616
591839
393565
284160
257936
53366
605615
331018
149847
260558
324122
843264
48770
548851
127526
899316
936142
481139
446177
796025
777051
11354
796158
283434
248285
377885
768340
109735
4783
237833
198295
291398
829671
106065
89762
87608
159430
209581
932829
823480
470139
256951
666744
33113
805801
308474
932428
256148
789612
892809
566377
80868
904162
362535
364302
666651
740419
646846
776386
259406
884678
974680
550803
714349
594949
640564
316161
754378
364350
248990
577858
348693
20145
758806
381805
825945
67280
828437
596297
371096
235451
676879
451964
653817
39414
816265
320469
294038
463111
96855
553443
861993
585739
618451
576342
180689
773219
406708
449271
137569
655697
27130
486261
675842
785935
382270
15992
367420
724911
126494
738515
960361
803372
190479
614179
356990
520948
934647
165232
498263
545706
718675
360256
645649
851330
450803
340542
624549
857510
789813
276323
27412
331147
276788
217458
631286
659058
747654
998705
383969
874147
251426
858535
191724
956108
472714
991261
921565
713945
489524
981475
946824
363985
141329
312359
814787
481871
451112
672297
785888
727434
213913
117035
518427
431371
748320
691689
693229
261231
589862
567376
26861
448397
273304
982968
435315
822016
974229
356880
50166
977958
852559
511194
341943
993888
823552
670934
989963
274665
857435
775851
516303
71348
407090
34730
16923
155410
240623
710151
930844
830485
791731
957704
278882
65035
454878
714197
401256
429107
585281
965625
921269
952045
476820
263212
945933
814576
448350
450101
89241
305785
740156
119749
377133
147246
668682
394055
816859
909305
618411
747704
739790
410142
705408
532876
989381
160286
761277
904841
103598
346559
870466
539071
298604
861490
316488
758741
676067
764837
723046
279512
70623
463202
399260
961959
610447
67943
356014
427306
977247
488629
689214
231242
898771
394623
764117
402357
69113
525395
307198
686914
386158
177664
740190
684761
39155
56678
957706
229426
821514
680752
508937
406341
658158
908197
368300
268605
490344
238519
210115
981795
727147
899329
213037
140123
808156
977153
542479
391473
16753
363881
78388
402910
541545
332782
601875
94904
389459
559581
838533
725177
754537
347470
131519
412695
769871
499818
195504
260215
738336
405619
756214
465484
819152
969250
119811
627308
460609
662290
18781
477361
540375
611372
880271
81920
944153
996350
691027
847816
70137
529560
572994
824673
391235
704512
751573
161106
718534
461281
935525
456871
381104
205944
436559
200256
175195
556369
827563
150008
732863
360549
141573
273239
486125
536048
869362
430279
532399
74595
278095
602535
118359
851088
941412
509593
69805
207190
184904
788339
668471
634633
759414
563779
840576
195973
764035
529975
266546
105803
194187
513614
466351
335760
301057
466681
871807
170419
896959
404206
759217
689258
520945
877576
54552
462358
901373
124356
669547
600481
426899
852222
749318
186313
416002
104100
896489
180037
634074
677240
800043
828261
190854
780599
164021
491910
247280
550032
176533
658443
468443
449955
347701
989387
841735
402252
451745
257313
40813
635497
857794
981915
487719
121317
168229
903720
225416
578922
597961
859490
256162
398005
201956
961219
692808
880180
967333
940087
430212
658071
598530
898654
108026
946230
888042
949760
862687
853991
207073
417704
489488
579071
399619
977207
700388
82052
395132
925803
660974
993093
299498
431340
905302
501453
906764
598110
381633
874097
52402
326050
532168
650931
224704
154398
111366
626950
618362
488257
480942
339640
905960
970429
918710
305580
461841
133303
901835
371178
59107
77014
878475
872808
508354
783777
374262
929322
896091
270099
803419
462697
596148
849792
627832
518394
739197
962006
136757
741659
957152
476396
647619
927582
909310
467403
903627
42614
883443
274805
615924
960456
667484
488732
983014
451261
377198
912336
861556
647297
229961
838457
757649
593957
466289
92706
112351
719691
763311
461350
526069
753911
623173
967855
663222
90577
385688
705835
974019
174697
321759
448680
842181
324695
431695
807646
701893
344031
669203
863394
88196
21865
621043
682152
488154
227954
308708
207845
311075
72019
183399
837143
825930
806571
319204
489152
897147
704891
709191
385371
879587
545154
834051
235973
869848
779950
43620
85946
123981
227027
949339
212177
248891
84588
408533
737044
826745
717240
459093
137820
303464
642491
489167
129394
449063
322575
132750
860414
541670
356145
759990
935462
901298
108246
171435
285351
888195
215054
371297
526380
442080
834840
252761
690971
433632
661294
942219
774581
892738
401313
426605
196202
43804
429977
325595
7071
752551
972548
867485
294222
328693
141680
229684
744195
249925
401118
29547
652324
130377
915047
178704
572456
264092
431465
777631
211929
606963
719851
986509
499701
635368
413115
695903
193376
357296
535702
200447
109847
22456
582136
918272
351148
723815
662160
95344
487944
63279
639094
140268
707859
554141
318971
280315
332437
264640
57947
544365
871602
292002
45080
885508
927369
458194
95616
120745
329694
145522
321191
439540
167977
417531
357813
519125
141346
19973
128673
629289
597455
281971
283761
305314
836111
602732
99834
682752
867371
671984
227118
253179
963985
272197
652891
405559
244595
748506
526303
574288
894027
361699
13828
62005
779229
885844
95334
434780
420022
738210
578273
531681
20181
862034
351200
370496
978970
451033
53248
360546
637221
280365
127929
601206
66766
780819
520969
311360
529325
47272
885647
937557
923174
413680
999561
216609
813728
609099
651388
747954
347309
743865
279636
881693
120104
145040
252189
99074
110277
305436
459620
747497
100006
587548
862907
166771
368368
383876
478131
411897
945351
877982
349454
868526
291662
863219
85135
619595
472318
250727
367549
333831
994591
161389
215524
114696
306428
467712
213769
416704
287353
187593
678405
387358
775141
541312
554128
657713
439392
546463
69610
384744
424446
933268
253270
230312
796487
338404
849906
783010
589130
731660
116841
97926
407253
332365
212621
713681
314281
940594
644589
115838
128187
322995
503195
417532
378511
571528
589449
817903
117991
173264
202647
542436
106532
970120
286953
417223
822728
651063
200233
926062
896927
317074
23988
304181
163643
750813
532066
992127
691407
176655
107966
819593
13854
611160
751330
906569
182688
340779
724472
814883
514042
441323
871523
620573
925647
158476
37797
748375
809539
752233
674437
220671
69307
212629
524851
232949
963441
56917
739281
654848
747776
847246
988646
761629
458406
739976
668198
155299
594959
906874
970181
109002
862401
841704
243779
788048
514385
795779
50628
838128
548013
239269
58799
131524
451898
583650
878677
415339
154771
617958
584392
902546
465204
573038
664176
437814
827218
846578
593112
422177
267658
77498
45383
130059
433407
803366
918107
947791
599145
482939
300124
661362
722208
358922
792886
174106
456776
671563
103649
611547
803725
688040
28298
268929
775282
692473
706742
602500
53257
814059
538882
320914
891556
584264
839167
387630
883283
786958
500980
366223
601286
162342
602635
474413
469432
776740
931188
655199
880388
56940
458924
82634
85238
242057
857915
291915
948799
974620
345171
277063
513502
666084
682823
611970
631261
521991
513805
28749
308949
528989
394971
424440
691330
898852
674967
288550
344245
330166
683143
401185
303295
765776
627
545351
137896
292541
8355
112516
151917
799621
140222
332205
482445
266397
477670
4436
780201
506419
827588
309190
901389
252028
514724
413200
150880
703895
215954
495125
548266
899096
410514
851560
179077
411140
911115
831177
217885
433675
457897
369801
233296
112324
216211
715740
378720
693880
234380
673125
200299
61969
496519
615893
313996
525447
543297
464876
229343
759250
474205
291813
172552
884718
143373
351628
295858
568692
697009
513742
516571
154907
397748
749867
267230
613958
979811
160154
307838
214192
833278
22342
276160
329797
638234
104360
369448
181531
569235
112995
940780
557644
404807
113332
442362
548179
979164
738219
631076
190378
766166
147647
345284
678118
411718
126718
806280
905734
286871
628322
119926
634353
650663
910289
478354
288897
14649
847802
984631
98089
960796
925412
655732
365604
552948
98095
427987
46317
350518
573267
236695
630888
720914
96183
309006
646836
737105
629490
552570
23976
257813
186700
658329
908475
96989
650887
711577
111638
498689
696208
723930
973690
135825
379662
339294
202978
477756
281485
763498
342479
854752
514397
973366
89871
610580
796577
736706
347685
940271
803481
885864
198084
990180
58398
620764
87170
709285
332341
713011
722178
28549
436941
695868
678578
816602
549366
881555
808563
345056
645053
665246
199808
159451
152817
803882
284235
949393
54793
146124
889665
858273
546192
601953
848454
118795
222717
449828
342284
555057
162839
64462
97811
599779
274535
290593
930585
338105
172148
253353
197365
331405
918598
397172
5060
71416
715258
803498
535013
770051
463826
938882
142529
10019
540836
990982
643017
763552
440810
985300
832814
117853
563966
444829
717631
838500
735421
162422
690810
421773
415774
888174
267382
848577
799551
786646
919992
29014
590144
455005
799064
568175
908092
941593
92398
448928
446780
735414
726684
887590
720714
73703
519647
284680
32736
751483
637385
768156
913904
842399
704133
843882
244778
485720
692459
44329
272366
126656
73343
376714
95866
386611
944888
3958
842408
37286
967089
289189
286904
207978
690983
521822
281681
210630
806502
314416
962112
958091
596777
390221
314695
815114
234104
559472
300834
440767
603801
573199
567423
191348
464118
663288
92163
923210
181450
934571
960496
148539
223760
761604
356516
428947
283427
152401
639576
604133
981021
115894
76429
577798
506114
391123
907116
740217
950594
207951
695189
68600
295354
262612
774151
759471
440104
866314
682682
621553
800885
157383
770091
538849
433191
640811
967795
716617
793212
121576
834954
288438
237469
911382
866235
257788
302505
287556
512209
767304
495506
207398
835903
305065
470009
124260
578740
910112
990573
261422
45870
305663
933008
815960
844511
366200
970976
326511
597021
278393
448086
431976
566830
199760
857562
947269
457547
160068
234825
969755
441576
244536
177154
791683
549600
161367
915942
128340
71480
420720
903966
117349
726382
836974
447514
85098
717378
932694
411608
828604
211087
373899
774784
292121
573658
632346
239390
545409
306618
988418
515164
748193
232954
206522
539877
782553
367889
970023
425098
953572
390744
329064
585125
117126
680242
32639
202224
911825
479537
128036
254634
204828
501934
29418
496948
589796
661763
250542
135205
482586
238961
164574
230779
986118
885299
284860
282877
253188
254884
707974
720964
645627
37038
306090
276957
231484
852932
993384
143309
332470
121421
397942
537297
623354
941563
548450
727355
603327
798991
862559
600117
552156
541337
830895
538275
426637
115756
821151
194029
884843
529125
914993
530470
80367
735287
321631
311850
588219
315016
969363
434893
436436
881509
972190
573994
823073
34845
301349
940604
833835
678113
540721
385992
219450
885820
438471
646086
515780
259622
354320
400623
302951
783517
931092
383317
518804
766928
209371
621227
81944
692938
56121
518379
88653
542515
606577
911725
577359
907926
366534
925398
586039
421459
311390
319693
307279
749860
965779
823059
523686
223682
826636
617820
668979
724157
650828
435907
447733
272055
517850
140671
842379
550433
229323
384894
157010
655252
476457
579140
535990
401856
679383
957448
227450
999076
778932
491515
479060
116196
15201
313363
854081
356042
445387
523060
80199
96215
473171
42136
368269
505225
182807
210649
569862
926333
109747
241077
95791
100409
820216
145985
16469
499600
103434
243918
12881
396570
249637
491940
512765
779042
805302
366846
135084
250689
404111
729486
861107
877281
771622
229376
896711
468633
954228
466573
909170
578180
221854
519165
678588
42071
665150
209261
55875
282788
453178
68755
679357
217020
560694
706326
996061
880200
73172
645349
645093
991486
374835
506200
382973
660661
249780
279684
643498
204009
260461
552669
296393
482315
71834
489185
38590
251188
698445
94464
533975
665827
677422
213332
882846
752320
919657
878907
632520
507034
524256
791817
498520
413296
298017
881492
73957
547796
675380
231660
266009
450046
298533
76606
932360
370366
565790
485154
135759
778439
93822
669733
444267
771243
397270
841317
37768
831131
720225
670287
338165
758685
976308
350890
686185
274325
746586
274347
336325
936171
506006
116539
386217
804538
193144
832781
689108
273139
317935
824866
51578
411756
494600
10049
697203
891869
851366
734970
237205
85796
919461
575370
844480
895769
440464
44871
684298
187050
319217
534827
637425
825222
651365
23642
629760
844509
856422
318868
631852
688561
657939
683429
614521
666743
207683
311724
72817
59049
560898
310021
659048
994563
885390
503528
890332
840058
548398
88835
541313
381819
623662
178738
207041
275027
202380
836800
633740
573006
669873
265592
775772
327812
463226
390293
508759
670908
216222
581575
244161
291324
891595
903208
285888
291191
920940
690424
131249
983543
779259
672561
365362
917125
851299
86608
706356
567883
923407
340097
655093
107485
119893
945069
949500
97323
849567
458259
282435
65789
39834
40800
357112
931429
944007
642999
736824
379153
847628
868072
876900
626887
54839
242262
544012
906137
328869
764572
988224
766481
618873
157522
388170
738766
616796
851875
350293
466363
310134
632728
532151
864172
187732
403467
309806
131740
560671
46630
25097
408299
914701
901996
549390
483744
658462
607606
389881
501536
372178
892309
268017
991051
564036
170391
244022
180832
22266
108519
647194
846604
255451
693549
710776
443183
611220
534786
89127
686095
581415
114223
94394
10321
16219
157988
494065
188885
765593
398150
690420
651976
804664
472641
643027
882904
643032
401253
63736
179502
509771
225134
26106
765222
432887
251086
208405
558311
785871
297531
244407
881490
925957
338800
406016
456380
496788
900080
645264
776585
812434
335685
428561
131303
322530
585792
14207
965561
987044
592146
659268
11021
331484
685373
776242
764370
936459
498851
322682
236535
310586
567088
118026
236543
420092
524041
692922
431084
938325
338186
207670
264964
188075
150435
396267
510605
736227
410473
990370
237476
516824
649638
248496
848307
849216
538942
612678
299880
37793
449564
536414
862582
530856
168644
99125
465152
206889
792046
896236
145214
644437
618110
924382
346716
282749
320649
371525
18976
245326
876100
770656
762149
39943
533356
610457
889158
72299
737339
703242
624295
701107
753861
486878
231963
922504
100207
697114
643598
406458
107555
303016
565099
239869
227398
911814
522618
548046
797544
55798
307577
673644
826453
69726
713586
359810
194387
116950
946312
445930
820191
84812
147037
574052
85894
893203
10762
700305
104523
654359
106763
212077
957374
671861
451946
184773
97880
974563
247023
895423
544565
68804
83272
371019
138530
796858
245033
847120
913807
705549
293051
733998
304565
954291
822255
390459
847495
833016
604968
952017
487375
711730
678298
958953
897795
644448
657930
509879
133216
904953
919507
677781
487961
2779
563004
140695
313841
322241
987815
227648
27790
795070
475851
332354
749361
298106
237017
111061
131122
356189
577282
132701
67919
769785
91654
479918
414233
749584
504002
61654
168742
423509
253639
656702
940491
816642
797397
254333
138883
299417
996184
680876
94487
472035
13230
358052
284345
764451
469113
415466
120640
560599
62371
702763
330384
154025
696885
744617
417813
200887
320475
100759
138600
574113
271665
79092
390755
583266
43842
882682
843812
724717
491373
315848
737946
363630
600192
16602
832742
529863
651446
393341
106438
868413
237930
774666
565298
982546
192479
766185
817225
807441
904784
391338
79107
498080
782092
662372
345708
340138
59260
189521
64855
550632
19573
317005
428466
133969
333607
261208
178036
499257
168754
284474
367670
920887
59140
932967
903433
765823
213357
234863
573264
626200
652370
644630
922496
828947
990338
262634
888206
694063
327488
953042
713635
644492
381509
361808
492303
156921
539844
991559
839878
824317
873433
760765
397661
806401
178403
163484
533962
413265
736748
166308
39465
903322
810938
476165
732269
315481
738798
134680
9544
580490
87723
237383
739187
983435
113395
231490
140356
653238
737254
494439
991759
124892
255204
389421
445497
947811
67109
979459
361076
803856
659971
914745
221384
985113
905114
953652
300594
643913
88333
824341
738607
690259
575928
477794
187899
203528
223489
370970
474947
336897
362730
599838
106306
266355
45336
54117
847667
24795
929396
651524
198970
358346
387112
184084
263461
340764
998881
421578
943300
337428
160185
147764
427560
152184
335662
631087
375672
178121
2058
850618
29222
878991
450456
135527
659550
9996
703847
507217
34790
633244
672945
747964
991589
60057
932047
255050
400821
445133
676627
858325
782560
351017
6090
724325
503200
855955
355412
878871
548280
357469
243694
577502
750664
208354
227233
410214
218350
931080
917431
767343
564324
590376
515307
70118
650433
961558
325168
565458
406692
515999
423783
703456
867015
944076
427781
370215
314237
297398
763290
862516
169071
6984
954222
919735
215338
181456
329949
947891
112536
761584
715234
191064
351961
744746
261181
516598
706304
100553
82056
627200
616552
20043
844861
997771
478324
786846
882191
792560
84244
159686
169281
253315
680874
123504
687254
410416
304959
17203
358307
417494
292992
587745
608557
644952
332491
869737
675754
553000
484495
272014
180200
615251
292056
539265
613022
284584
326112
9418
77144
410355
683308
246425
663669
364182
884132
350923
774597
189091
882330
132904
606584
175322
234853
729345
334478
567344
113287
524436
120344
597781
796449
814747
213032
602709
354013
340259
887293
680124
863880
964436
604683
547188
725065
782557
425574
123402
647684
200171
312492
530014
847278
433280
219540
82132
676829
68222
163680
790116
592657
798227
902101
389106
127179
629338
991815
995395
969596
393313
189724
347681
871953
794407
409074
111224
576964
834647
234625
224648
34819
547117
268867
396301
494601
2611
992636
171431
585037
156316
961546
177694
468747
377852
81005
595926
7190
587024
591321
490990
980336
781045
838671
852289
575452
247745
963512
666620
596596
712342
405472
145619
259459
188543
541920
754059
191154
48761
439694
290395
205077
915444
982292
673823
293297
63297
783953
300486
164525
375275
791476
659065
670524
144352
25560
245976
906300
503276
426800
502896
215618
832271
648515
989280
535019
704639
257545
240377
753399
697238
530771
472680
612683
513063
660708
905979
576360
444661
720669
255089
819935
512145
914154
490459
656496
453918
250639
562796
957193
191643
579897
172812
538119
228412
162092
73138
447255
419636
313514
714858
116875
844284
187539
243762
357347
848246
149741
447911
292907
870409
217205
627047
896759
645563
631710
67460
99481
396554
630256
56674
588196
210153
743689
126315
952768
905781
713656
914227
839621
27170
629085
470700
385658
816623
714461
743005
179074
378406
705120
471981
763020
922324
613232
659779
567887
244942
727238
667367
155700
871698
238246
743896
596055
981934
384415
63028
887715
98072
977254
241542
639445
606340
712241
25104
937167
426703
282313
116242
805108
987432
102427
82333
423962
715658
742111
991848
474804
983554
173421
630504
855252
411666
888604
965512
393600
273019
28540
795520
885294
5795
37062
38945
126339
263507
64048
577710
690209
346360
208156
9523
847996
310582
91855
271958
540444
348171
263807
15249
331725
951431
159957
701181
363097
48561
666693
270901
835783
209438
580625
235283
729436
617686
274227
369979
395398
852478
947688
85607
713042
155845
609333
561038
980630
215393
832996
521075
563563
611007
50528
409492
562438
724688
624877
439739
287453
291571
710639
123236
15213
291265
872722
744648
423155
146949
114627
818552
513631
576519
418364
226673
246568
27697
787711
227199
243089
134912
262478
320856
745918
827209
730347
308356
551897
355225
262299
353554
161000
972937
476789
690416
778406
863716
435064
715766
524869
63895
48523
38501
640413
981090
265173
886981
522992
628384
280285
701999
890861
601141
447917
232275
845692
270477
784171
715121
532775
137725
390325
19918
128718
80741
312528
506638
515804
542498
31508
579698
105226
584212
734316
86316
849384
135502
123512
930677
763885
403797
632676
654746
519142
594798
887020
364834
865274
185396
594160
912254
837324
984484
446376
480246
65226
758903
986884
95234
815606
532596
189137
920831
116808
923452
521351
480396
58954
159068
411073
822838
562864
557954
991788
82006
152752
393013
961043
532230
92613
555203
444484
929936
53893
405064
924386
119118
678172
425475
214351
493778
472275
403487
928813
589082
841143
964368
583683
900096
123436
508960
237139
686299
66914
228927
282509
219665
136144
757757
266100
228756
827164
710583
672896
881056
629852
597283
514378
308024
536962
728729
801801
9238
646420
244819
598319
487564
209187
696206
901864
332623
205167
653208
533126
272080
396339
329840
5950
532483
87597
272049
761238
914760
496836
434135
310022
126688
545622
824399
948915
82584
67333
750716
91821
227958
995534
204345
229726
718926
900550
645794
51549
619921
299002
98879
406206
695341
428718
412155
227824
516314
503266
945279
209448
451605
769505
850340
511431
108109
799255
594015
175442
549972
200040
917603
59711
918588
147329
292841
333344
793122
858593
953264
92125
957472
359470
301670
386190
285829
43698
416709
484236
61168
361988
693684
512773
645697
544024
24204
753805
857483
132423
929246
407455
846667
846849
981370
765255
508382
274211
98599
301505
132805
51864
907833
604481
925537
209503
990670
211367
767404
407379
209807
828571
283571
417695
341344
929267
475923
879752
683073
333407
526379
126524
740861
373046
487578
236436
138302
995959
24852
751104
811668
671860
317172
233706
276341
242710
443208
267011
454076
210612
188595
663882
39184
986369
595782
894731
915637
71705
288688
112915
405111
815067
753642
660177
702317
755424
896612
354823
265589
435668
105928
77257
107528
423099
825167
383868
180013
268375
165084
634088
993191
867882
812175
546579
854251
922161
955514
284093
993865
244203
911211
398977
573474
664854
59154
789995
934482
469970
144819
200071
419843
764950
791532
527370
702253
616699
425443
882266
399278
590526
30559
906673
972612
356938
453252
826863
279099
922971
110957
272965
681378
22168
186146
254852
201226
759503
559051
135709
743677
703869
335779
163520
468819
641515
690890
685277
258214
630537
567543
657492
735267
598101
78370
707879
955039
534742
748342
968797
645698
21307
650175
182071
721656
419231
383296
481159
978281
519004
224837
196356
368988
388356
179379
10503
593450
864655
782921
223987
432198
440413
959253
544504
518782
667132
13748
564608
716079
762089
47610
875981
297601
697784
58052
19257
631219
955552
14621
609501
988760
239457
320061
871952
142017
499439
882455
735467
364095
665376
473658
310497
619993
432912
855000
652979
614248
382952
731792
330327
659246
779401
720513
471051
991390
292769
4512
622609
248321
19132
746314
751286
772792
66375
623238
914809
80019
19898
164481
444113
199478
638138
268814
819470
71050
638019
986654
199503
20971
232651
44034
194421
526256
764546
665471
517646
571520
669983
654460
819840
689114
914978
85331
461907
495558
708569
890920
575576
728466
55401
19689
927944
693538
802706
261619
278793
440725
762477
478295
975900
995127
522328
170321
521384
801079
835792
39030
372599
505775
207694
706643
709093
122673
791974
685204
618230
14748
576124
193806
743213
631524
727698
185362
325063
44609
961185
118060
485334
723662
596354
461234
718790
632886
631554
240174
433965
981550
793407
320768
487325
515306
710623
637978
333590
395827
770412
348337
971951
478422
605754
117680
720324
791116
956946
764932
752301
75006
250266
475963
185564
225704
708957
818450
371463
949130
766619
353013
256743
87388
354543
772048
629003
65166
924230
476797
975196
694642
825133
947147
687268
945091
579032
407592
736207
535978
686728
2713
125189
936994
992880
310752
676902
701837
129202
48365
165173
410026
915582
421915
11618
270125
193963
154825
849494
632397
631621
824690
327039
970958
286043
528511
916049
865074
936102
652257
915256
622830
169174
40445
74029
162054
351197
750931
378096
994602
313500
543268
918832
229082
965182
930449
499206
673349
85274
348700
305746
716894
687595
146989
687852
973637
675499
603902
838711
611601
770363
268172
748635
453741
308617
336869
615795
174018
602004
508095
682824
915503
51363
601657
658790
16545
532106
672200
204098
617380
535105
509843
848478
222700
656831
50536
196337
332330
168642
549252
458135
453209
817423
720974
906949
640244
572047
36949
814261
174051
545043
11291
603759
596405
612947
262549
127154
659257
934748
331251
790841
469853
355298
639320
206757
12129
204060
403093
858662
372701
466549
831001
825909
283973
66181
247063
438421
638227
798216
252683
326483
343259
778177
930241
453869
391124
706994
95227
50381
155947
426478
355427
625800
295980
994746
346761
822313
713010
264059
195180
85711
730607
26182
425824
528784
606566
187091
967205
758997
985306
734092
85480
842770
512269
529925
296639
417597
236919
982181
392866
332547
337608
532870
628527
846558
393835
450840
559568
657893
646019
159483
388501
186405
99511
431489
307175
286602
398694
66173
271908
646990
665856
628882
673463
709986
925520
91060
461109
831590
587446
368179
678341
925053
415253
306868
285817
809088
845384
466981
917931
519072
369686
618540
618582
801175
925715
419388
714073
506092
875268
686152
834382
548731
396138
274108
153996
857247
105698
741441
739630
784038
180699
154884
605111
466515
963971
877022
826104
430952
309158
345176
800638
927698
477962
116018
853413
897350
830090
873709
102851
219563
559861
451437
768294
955999
725544
922289
327451
345446
177935
67081
129485
358633
221964
734595
825148
185935
125822
651252
131092
434980
996427
445934
362678
988593
561951
730295
885943
906245
604004
502998
125809
163865
468640
408307
634068
194184
330596
475723
539630
508530
542804
183319
867162
278972
432118
206515
979111
557939
857766
110203
992918
368398
70341
869800
356992
632291
600095
757139
52741
204099
774342
692753
882168
242982
101060
30441
437165
945859
506164
490999
968593
48968
674317
349961
327939
106435
556475
307050
664374
414242
931456
171497
296844
1797
41298
168040
148292
641392
925179
715237
359696
699521
407990
756068
456707
509050
786508
408076
969113
292672
899075
937707
341639
573392
287668
183783
194032
358347
5037
372610
772588
450698
544106
583637
452494
585403
751676
114991
741000
676855
830227
614900
890580
238217
370968
861491
261471
157476
269568
230585
450148
168643
682496
305991
256239
484368
3978
450270
842714
523219
337084
129508
973916
881190
713144
940614
980797
464820
55605
236002
655880
885831
850901
60665
638253
736073
922156
413928
893549
158717
857901
874570
841212
678096
130809
839784
682074
95284
682499
719497
432367
812006
693413
827761
39355
634027
322764
18379
558765
188463
89668
923871
249128
242125
659944
685488
656053
67698
391416
814769
925598
265986
170187
117900
910998
9971
314178
6282
206674
33675
952853
532884
727087
294819
572238
875318
617582
104822
79155
690552
293284
683027
614423
56616
439356
788571
256308
609613
856269
647723
424383
296072
427913
108774
413971
338912
632948
728148
859397
839622
761822
326455
372506
3114
621274
458949
392637
753060
77975
985995
443612
371258
183227
572239
942078
622583
875015
198386
232196
245489
360314
170783
541560
788226
793760
955531
641342
426709
197884
14945
780535
473911
341399
667245
991228
476877
126194
383865
229938
718372
884065
187754
603835
67292
274198
545913
204079
149213
258503
950479
394701
618816
635466
450465
921247
429227
405996
76794
370140
118085
91738
150675
591995
433137
332124
97428
910013
458318
995497
654155
690894
879562
356114
294729
461058
630311
840641
179342
779523
613349
129821
688428
746369
279491
138893
667616
708717
59094
744410
593061
177178
836147
257940
283377
783488
590064
895008
207707
562586
890505
376066
253480
284272
732179
548209
745330
362490
903054
924671
656217
516403
568696
344645
262773
848186
997742
444593
71109
56836
703207
664169
748217
53560
922109
545798
351252
26378
440806
558958
588963
845516
935024
842442
129788
667203
904855
875117
29694
807910
799788
200115
838517
882688
544760
615494
730875
542502
574292
801983
113542
277499
466152
861758
845262
902465
921760
196515
928842
362566
755472
32010
208082
204701
874452
852074
871904
293512
727191
415802
615626
41185
615916
454144
923872
674880
583842
168952
731586
158134
970934
845127
949837
951291
221090
795099
367961
142850
991613
296804
19621
261291
843017
741906
465991
231674
593980
852099
525186
835376
782105
140812
390765
912226
109160
314637
587106
693002
483589
832897
851135
968727
192229
800972
920018
413319
596072
287980
70373
101890
98988
604197
363180
456209
860308
343376
687883
968492
195475
213069
803868
491785
868084
194633
404011
977244
23475
505321
184451
21268
338218
35586
989994
530447
350763
424218
457970
461039
226402
42547
562928
839593
646744
440313
295802
21257
783688
983684
989748
493367
710957
793617
985151
579042
502454
389162
70491
40133
408688
254941
61400
746905
804730
565599
791556
155493
989816
763730
616531
730422
806277
179460
570015
967225
133977
865816
988481
917664
363706
978229
411031
74663
286051
910387
167909
788505
299549
238399
828637
708236
7544
404242
969346
812274
969840
275107
967766
473861
38838
98503
204283
845114
792166
774297
326544
926142
154318
315025
843806
518023
807458
769041
106891
93510
679428
789003
396219
493182
27403
739060
715622
549150
143302
684968
361424
113142
960075
329191
587002
513117
941897
305489
872435
734063
593990
198979
660205
748308
28208
18216
835665
787256
401630
929174
466685
190634
325393
474071
732240
64454
189693
281390
721959
388866
642814
349306
863145
486209
450512
376262
756001
248697
162169
349991
961879
336578
612503
990086
354793
393039
825751
142049
308873
269131
122938
499506
108728
111213
745950
687385
300906
27341
409345
689771
184359
758650
552916
184772
209162
443382
612877
965162
692078
289250
829358
168162
140032
441861
158248
494824
349104
498203
151077
172182
767333
788219
671687
876061
899431
931842
563446
200337
959182
486995
404312
657745
245645
957227
842516
969011
400609
969597
448378
606891
773051
277736
775052
913082
233802
447504
407906
97110
945707
558982
269291
713040
861405
455183
103306
760837
387025
180957
961173
860411
667951
879690
518156
427801
836917
874876
911016
751731
844473
359394
872826
617524
151335
162084
530606
899340
609587
452716
510654
555294
525902
779945
782539
387308
235128
148145
136357
581005
623522
996767
763161
503212
29128
705166
854334
904003
616182
120270
262681
489780
507300
880204
155319
669383
925014
568863
278971
891934
79518
348469
417836
859462
131008
319348
608794
981696
259355
112062
605219
770326
389427
622635
313658
94593
991173
217661
710774
625647
480341
714759
132948
874749
384282
802330
313968
953145
595505
205902
32663
943974
137942
406329
589186
457290
529327
634447
438986
302886
746509
558409
73212
650140
695249
386869
744733
686422
118734
969711
826274
113279
684470
959221
502232
582957
275756
816199
536102
871261
536305
82969
329440
188451
3502
432830
159945
47033
67278
113136
349918
327991
671544
937333
978130
880997
838406
722863
81625
471344
692575
907898
584622
891249
867119
86854
988410
142875
417257
524512
528340
467766
121685
371984
656216
639390
804814
816161
872091
929296
550544
200082
115045
2082
178212
510247
840487
415280
591871
311831
622059
499769
896452
27513
881092
497510
15924
538171
428971
54640
580716
176325
952699
552953
815714
757513
883318
16342
629604
326819
566885
829685
956067
568967
522102
466314
923658
937381
58185
235490
559440
72158
646146
586952
467454
657861
117080
5626
86832
171720
586341
983568
539040
50726
677962
810758
448248
208508
440362
775066
775393
784252
731133
858564
306354
197448
782222
243735
769836
531916
317379
356199
692267
418535
823652
350128
535615
343482
951163
707334
444027
448936
569582
497272
499661
761748
308030
947908
970256
262596
237179
745649
46848
968312
118418
353201
679964
900639
111140
964004
946760
428518
320203
639027
847053
658060
503359
896872
515746
454522
604206
473978
903458
687992
485454
917323
449740
793483
379437
419996
56079
616615
679849
617131
99132
798266
970331
779095
213111
81472
257305
159871
24194
91712
313102
871246
749771
816460
768118
779722
785186
886528
767904
202849
574520
253358
120173
24261
46841
499609
958460
617123
630428
638310
748458
729560
950780
22860
163891
314466
280164
837965
338659
371876
665271
724110
635851
995935
6433
415573
781122
407166
183477
498175
981685
951038
618347
520150
997878
632160
478611
129207
776793
631125
877664
506353
581905
110659
529212
745796
425124
809376
97966
277988
181252
763237
2098
817102
759172
522734
746880
54499
929899
444561
552674
911585
395600
171021
945939
907682
317386
938754
551093
94179
569879
942962
114736
151785
53621
643947
897580
992949
967527
509750
270937
662983
272987
787238
480086
546364
309972
741170
600862
239872
185731
153536
665661
95535
838761
125805
3218
670351
64560
554310
278734
634438
393469
786222
65098
551620
198007
58047
519148
707757
843187
182131
494948
630425
176421
41312
454601
431795
642174
694472
131731
309914
874337
227265
148675
514347
744686
819025
578906
298997
97759
213344
310473
5432
513771
889774
557052
225982
947820
590404
933738
305212
772534
428687
935636
463160
984202
390238
894954
626376
598914
26685
936290
987456
768154
599169
501803
512840
418195
594913
326041
30158
808256
636514
549794
836231
40493
106846
62214
988313
697249
510156
807729
983987
938842
743366
447147
437250
647808
856306
63626
246722
397195
514120
748382
679553
113290
764389
192394
45689
359302
518434
590050
167559
669152
139844
517994
709645
246689
580207
212163
458142
90364
19892
442130
543410
277462
403481
980659
925269
259787
558490
686196
171187
72610
948782
850739
700103
713172
43133
745791
72474
75772
850046
754236
259128
989889
272231
968772
236579
852437
695139
208925
457005
229236
651054
514620
506697
54536
9484
946171
828526
567973
632367
999712
154788
95354
364657
369095
808525
921993
114887
880999
997764
964932
635235
771097
469026
907465
739869
219809
949213
428734
245317
178449
79788
759936
199350
648527
283625
145521
477054
851597
292092
990970
520589
387446
355627
889684
195971
791825
518775
591174
303794
997911
226410
74891
466937
648079
328965
686746
922186
278178
115480
681708
970830
195267
441644
170180
843794
239473
829905
835052
605275
636201
826022
125864
23647
695854
529752
733822
1884
48527
324996
305677
46438
65610
894772
27580
713689
223737
714325
150080
16119
829804
831787
986948
539275
787636
671332
897273
27109
501237
246530
632383
651643
586757
272452
189494
796815
802203
923315
798698
364935
762516
618579
925576
342330
513351
953155
56019
737087
181685
206099
753205
525693
552090
254358
579173
339726
925690
990650
881039
941131
237181
27627
592774
823937
300078
782268
620752
616486
219788
933654
981420
496508
552233
421201
838838
65585
888561
894856
316876
70246
615159
70082
110144
681454
324439
689316
535384
764333
679966
416423
705465
917146
444050
812443
255288
258332
594711
390244
874817
814499
323898
370442
311007
390336
791643
664049
455920
194409
558906
287000
264654
688269
357081
374797
369723
195725
64113
905107
960057
258284
835734
179727
175430
279784
992170
944922
52321
101086
335166
927137
429789
173269
297580
255001
563604
603427
919049
533728
797835
992159
820727
576693
680429
692013
465695
564356
887737
44012
469463
361999
302295
819402
55931
99186
48101
936851
151506
663390
272017
592848
93180
445285
404632
348180
523093
522263
267229
56821
320098
259389
391753
410995
454022
83766
876689
18378
485707
434906
2046
847705
737200
821447
903635
729129
434837
465940
180185
100548
129331
452202
207600
736714
411691
612231
84894
934784
134494
866326
505809
968795
639919
897561
893994
608145
981326
284889
140728
467033
719794
142773
828943
971198
478424
246783
214533
427465
226928
394717
42217
356258
361123
249816
607176
287019
376251
206274
221803
24949
72600
241816
993743
226724
139378
401943
834868
634908
686831
975595
616146
406625
632572
445089
892027
625200
206076
106560
52666
433003
501277
609086
303465
376604
858902
910640
663622
235153
116914
399629
260102
703718
641445
768049
930441
295027
169992
279514
444139
371027
769314
60285
291856
401886
19578
183884
541291
225654
290443
593956
172861
305924
717246
476326
682528
576148
386966
346150
325506
503880
259984
99812
721802
901428
382065
652243
710659
66262
445961
154798
437288
215275
729287
729144
131366
263069
913027
672656
488722
717674
780816
175788
537803
498062
652113
220331
588415
39079
80685
913920
57163
340668
527936
778964
756300
910000
945411
981163
976261
391373
135962
413550
606647
379453
656898
738012
642521
84130
924872
645448
705688
821235
339606
203751
473348
74141
792165
26631
669030
220290
83794
9698
748225
376962
280203
172430
836578
261366
148692
227951
911531
76446
348802
290984
733343
601019
933505
817472
525891
578953
133480
745784
400188
473086
949534
387740
61431
255904
414370
730460
990397
12368
254363
252827
903534
534565
425256
740112
310135
573947
482267
735871
164597
345273
26855
897939
946291
474564
229616
986387
567721
363096
732171
482113
350386
195910
869852
411816
966017
284223
656481
956414
810794
910843
209241
714328
959612
148701
968644
783951
236853
450911
519822
796184
546677
813593
256680
535445
43209
243067
103167
920508
489442
585279
270894
199556
455132
196915
165573
253559
853395
636191
578557
278443
359636
807090
752259
508337
775734
536210
745189
740850
56033
660842
51239
474435
307918
138154
31849
65190
755524
952356
68836
340804
737455
268392
310140
448574
433964
563698
816173
70156
656459
94616
943995
463549
846874
452332
239284
383084
197521
494338
953320
372568
545576
70234
847002
367698
722592
878850
947091
478116
345412
15928
818919
82867
798523
129059
531440
232487
206961
861817
816846
377625
956432
760842
841173
317511
727378
594661
214799
439104
88999
168120
811671
148779
238353
658673
30682
960944
51729
491977
439061
397140
507904
772184
994210
820631
415448
39855
567323
136613
901671
384169
514237
858103
659215
869615
689818
900798
464276
418821
339902
67480
586940
151573
730462
339498
324450
761143
300442
890382
767325
253707
287522
789433
540096
795936
610065
955543
835790
177388
606360
737461
75761
634802
109769
249181
504417
313791
149979
968692
732612
489880
550376
319552
155657
280839
173254
994310
556186
987900
884693
323511
241607
686419
112945
295907
482356
237214
765654
318146
414601
372015
569812
490361
521021
679580
253746
25438
507576
403724
508334
240188
407808
58711
559739
77669
853753
247198
71980
924143
235098
470877
761859
990908
157296
389008
286816
153856
626221
52470
986206
555026
938688
556018
559591
459709
749802
813337
999350
257378
217061
507685
497565
139074
80600
571509
216742
448557
332911
288721
886904
568008
273802
648763
558916
431098
551975
359936
99158
692400
412406
85364
247426
865298
155586
807017
839212
905388
620354
838562
676970
351619
860451
688740
490692
941050
774453
221639
903811
107364
24564
790716
675371
298366
439479
748491
729463
505659
108428
828620
198059
35038
428189
445485
414540
583774
766706
253752
3367
901264
606519
680337
767087
466970
883281
771984
922225
171939
993622
826036
279302
18186
130957
468877
316551
84641
217368
560218
590299
839999
903043
788357
875036
331232
748046
289577
429210
514752
57533
432577
416016
664051
627118
183104
645226
510399
955087
81656
682337
462914
421896
475843
481099
552853
944719
797650
637493
676291
872072
741996
516291
775115
530353
905531
620551
278400
195108
49762
307356
766845
996542
237577
430896
623660
934884
590326
648263
889971
186186
844804
867089
608082
834851
348188
675139
779570
660042
312632
970065
532115
568832
561
821434
99185
906092
441986
891788
615404
5952
199145
382249
2494
436721
327350
