232904
365305
225181
799749
280309
991745
283816
852653
941642
609017
765978
963959
598312
152257
683210
807978
637914
442797
860750
500768
958100
520446
464900
939747
85901
651806
37172
289616
487752
36510
2232
720655
916018
227412
34609
196328
733361
318425
563185
675003
927441
843367
153168
525753
995623
836377
847936
633537
793379
708686
648509
265684
743336
113410
205432
829236
279420
242603
633056
767171
793316
635287
487827
709334
376904
36640
905661
110265
355064
983050
299473
796710
826417
452640
836667
822041
803221
684603
969782
596600
907493
618292
376489
650829
245906
581920
994269
525325
338727
627325
292496
132043
262613
294527
841376
153721
331167
261243
778189
200435
244293
77662
997144
584915
530301
348017
406956
847727
546824
890942
958531
454318
509234
335020
619351
755139
916939
613621
794668
769870
240946
87165
901912
17763
895895
257494
685687
741266
518736
463877
455906
277233
541538
967254
862147
586044
315271
783307
947975
862095
674250
906506
830617
697688
241527
449968
967032
672670
577793
761700
956745
332944
363069
858657
864910
258965
116151
550598
514435
149091
528679
970340
940528
584421
937595
802675
684669
252866
100188
632644
629165
774437
53356
459782
986329
294882
423955
953361
481756
1748
715062
438501
848895
592335
811363
228011
851299
441718
778608
879939
590809
821491
850279
531337
405912
787874
848216
604786
554945
948403
237430
184110
237045
804989
158097
223375
99871
582051
690940
95832
98003
920206
48537
946898
512542
859899
174909
878045
301618
467721
757984
406631
803416
122469
452172
723532
424547
814592
328318
979491
277201
79953
677806
514245
884941
835902
251824
499017
417953
456969
594848
30160
377175
157589
977057
889716
531693
666170
281967
347515
648095
554155
268350
451511
676623
720521
689248
101171
49318
17566
80662
326518
97518
758467
354968
496664
108574
120996
995680
526526
577964
104733
70891
469344
262321
47948
359060
794013
228323
155231
655732
390622
709386
924081
356338
386009
644602
45586
1384
208125
63151
82046
534642
674873
354717
403814
171537
977495
524810
681421
504021
616978
786153
89116
86322
562678
137064
959586
870896
879590
114817
526628
784416
338407
450710
140754
724416
609516
700543
725799
817640
277899
322049
866487
952771
190971
270301
638512
168466
309315
319933
186691
926293
620290
275807
12615
182968
927074
486405
53864
320869
601222
94697
105285
453833
545406
760243
178249
154922
460786
418253
972562
738684
254506
839049
205660
445476
623554
358376
128146
932869
192513
314837
373367
812802
104848
385981
509975
31922
386591
78043
352790
502017
172739
972278
955849
718144
732521
134099
873066
707512
66556
359833
446196
321061
713086
166061
280742
336640
524436
408887
783713
231154
237928
157080
43956
342775
57266
68135
374696
443856
146178
241690
945872
318916
728173
901721
37061
460694
550024
424331
682410
130784
298368
642811
966049
11454
808871
246791
862297
847511
169882
646011
78665
407810
803090
636825
750584
374560
704959
639485
818415
851136
395379
278492
170053
123552
694418
721317
98451
758646
145648
780860
889430
444015
423671
855479
969672
232542
616474
831969
594258
786355
477980
672922
194165
795275
823951
458954
169835
528911
98439
502455
894251
8022
780946
64304
131574
475364
299825
230024
234011
445472
10884
637645
403691
434555
7329
373363
181301
623802
719537
289763
924361
711721
962685
632731
506996
300841
91685
191036
829751
704327
693490
724003
712348
474436
302511
843921
464005
602336
588149
698015
562012
113238
849864
965703
61997
857192
853270
243297
995198
87012
533060
919559
798733
9950
552290
305729
310790
643974
10969
654746
862505
704458
892953
574854
178895
195464
932979
157104
797799
521129
369323
874016
634366
219187
353924
696362
76379
207194
453863
71577
808410
501127
505340
607143
25281
57631
427076
850275
215809
438045
19226
78315
142503
912178
653168
835601
107642
586147
992704
419646
621480
876231
293662
770050
95418
647585
980616
686000
368983
434480
271781
177393
449811
777121
298740
989296
834751
725816
839571
50560
678065
858796
128874
820567
770974
296246
170374
392820
396598
677282
326670
18078
553514
134536
788128
163136
296325
282949
849136
179513
717428
120917
871109
681444
412242
169850
670740
246993
409870
24516
811757
87935
883311
940630
422706
168490
751081
593079
75514
147679
784566
916388
679960
338080
50924
468088
501215
861453
265242
864555
40966
982669
499677
912074
178318
911918
596128
849057
158912
5998
873572
484873
608136
271088
425503
30843
439577
690788
138126
29296
838466
922691
945683
518427
260771
510811
500719
276191
372264
765960
654950
413229
262835
154627
839508
441152
66546
949840
804414
739661
470043
192191
224534
78179
463279
164241
623225
417060
855029
761351
446355
693495
684042
906242
726126
459018
417054
741050
249413
789317
507010
904362
716751
284049
58990
70464
725201
639739
20304
43820
379400
490346
236010
603933
82730
699288
282378
705954
630553
137407
981509
76908
345107
665552
983150
585437
638774
914408
326487
888186
703725
347702
792548
420476
631750
365742
490939
871155
5481
25448
914974
899084
29998
150985
17222
626931
364477
299600
847090
995029
437006
828599
586142
296317
494151
83497
881754
647129
997904
208241
535315
215834
555942
842068
636310
701897
722014
641453
573052
241700
181105
488027
140784
211103
153216
158006
838033
31897
971809
685123
541131
408815
27928
127273
219337
522078
210769
101091
683412
722877
823535
218727
938710
893682
574999
89225
595579
297014
244883
168631
538713
425987
170862
679496
151294
838281
351706
989327
870178
323515
188655
411309
246535
216582
52786
465871
252865
777758
81166
936276
500635
904700
669207
439345
312587
244207
42775
908165
541220
287657
591001
594137
713643
276067
273633
379142
114349
139544
882673
498731
463058
71328
424244
223797
802114
991233
689667
569183
768991
285037
19664
269626
703942
688870
223175
16529
447281
780153
438899
502705
67810
29900
96842
295658
820170
370475
674799
448723
510018
557472
947453
487280
143004
885901
711077
459322
877134
914948
28505
646125
199986
48168
429955
418132
251243
167335
434660
698523
947487
873558
201229
529502
417662
298070
825159
752037
182749
14163
200760
206971
85839
148214
208456
228842
548319
919532
688164
425454
348685
230873
585783
62875
279041
529943
481006
44488
697277
915666
743010
158969
303429
458443
688470
235296
756513
27834
987332
453466
41996
188092
660437
127834
850509
868892
870880
398829
302629
73249
338487
165518
304121
438474
228393
97366
482621
709398
141853
694102
139269
399068
853071
956902
857510
541541
192198
128228
569375
693734
581694
125575
881825
756335
767613
246540
139432
638493
159573
442060
225946
12264
121782
530066
450737
350174
141637
447563
59573
797693
141665
713045
196761
994735
669947
568476
50482
376349
696703
134061
70083
792601
259635
466113
63141
27248
712652
202572
179945
872224
158836
405890
884487
280618
935956
849428
630791
591797
296991
204568
389490
952860
431818
100456
947595
101765
668931
998076
478114
879838
132137
62401
672440
905976
528513
249785
933223
241165
452357
627373
627593
611192
33263
26285
406014
483423
389918
551010
75220
201113
755577
464710
153973
187395
79370
101569
803364
748300
613849
795682
628138
260191
858082
814782
166167
386596
64568
613594
141965
516924
240967
769558
642320
274230
795842
562539
271857
699964
113549
347077
901077
383330
325991
55050
84930
405360
670822
888293
153660
284672
683975
296002
59067
542057
624989
225233
442857
689556
353031
584822
720684
108203
354380
877208
382432
664426
439747
168493
364391
67500
515569
779672
450830
841559
834721
535759
761123
505544
938256
428987
304420
136436
239194
363486
678492
864182
102923
635554
553738
970157
220376
788626
78360
88960
665834
974995
267590
619786
143489
146185
687285
659057
925856
652319
14822
274783
188078
290149
780326
126334
719136
598950
262769
958329
476640
455466
822511
93767
605224
890453
63924
825599
193284
142284
914558
373322
631483
696352
993107
774971
842537
194598
948233
768393
846916
477259
43176
549199
767407
337706
189737
748
450860
966710
473281
927499
936380
809996
21266
541604
214654
599394
367203
407937
255882
795965
781259
887364
492317
288571
176541
334854
483168
638978
617452
844289
116237
660627
393488
397848
512538
97429
912800
963397
64139
386081
405102
519
710282
940571
56327
924935
539965
937733
332873
310051
733698
628336
197416
740220
916906
888160
589278
914279
527138
206730
758568
157579
381562
666260
555426
408304
763688
982430
371701
342032
882716
776802
342550
592998
717374
913081
517933
771543
850814
365010
81595
98718
993345
279010
838937
424457
681374
942419
338736
208512
663354
611508
880294
559120
277768
949924
967423
41456
932355
339124
383487
815071
115927
240242
408069
347505
153323
440206
119048
518341
319421
200642
617058
826970
993855
455995
251427
675229
912619
104367
397945
575973
715874
278239
135093
993641
228164
102516
549302
674723
955843
446993
489794
585974
201439
412067
933478
868965
366477
52527
387307
685897
767372
4365
27073
275433
974564
792703
464866
887183
897070
862811
977360
127149
655254
626657
120791
397622
243377
184297
586549
199220
145494
76343
785194
346933
2614
718672
215898
369091
285403
117409
569192
566980
635978
596264
842412
610542
388968
307278
11930
800242
684293
503494
927390
853752
130151
562385
765578
373527
746681
352128
572746
406380
942674
357940
753312
945288
590817
483414
314379
390424
600823
397775
471608
236801
994039
314020
361547
897211
135503
887680
211658
819795
391174
139048
187752
521324
215638
953330
409055
476523
819662
981800
882902
762336
853945
636214
707624
958966
633833
536207
863594
234656
933982
335203
985660
442226
649222
861411
853641
298929
749091
65299
632929
140265
718550
820680
661588
934187
288215
70643
410711
107877
566647
293613
870213
934796
929827
92042
893762
563660
628249
757357
312520
76436
92560
812384
518661
255986
673795
372302
554915
422886
951804
702048
563150
670354
522728
738942
604542
810943
323789
15253
433024
890435
308865
303237
339437
752896
395279
233199
830760
537732
504760
657484
614167
111524
469868
647032
367510
657867
533538
436629
80753
485342
138677
158107
155696
175609
897048
760237
500756
735041
289694
933780
139682
112764
751221
479118
379864
146500
226521
210625
198436
731281
382313
326807
842804
366386
973838
724518
24253
21581
675351
619210
506922
328232
777316
176823
503841
188570
451264
4597
923610
740958
452581
577496
367926
203803
56614
747789
864506
283135
472618
62943
14416
854931
903953
371424
221317
877792
95943
759773
413577
285498
378983
434704
613730
156300
611526
117571
859073
62790
636371
296888
317952
88953
874384
200082
806959
445202
947871
671465
728336
420489
248612
256956
789624
152566
142585
525145
544562
752731
284919
958138
38229
663901
392842
651958
334405
4368
283733
193478
581362
920104
490366
413518
523261
364750
613600
330220
809951
75676
515889
52493
10369
764501
823652
799993
917066
966236
325138
461628
718967
610056
419766
757196
788162
812608
923358
122567
331180
207092
316045
426746
641400
806410
840264
678865
685364
968068
9085
9520
43744
39178
576216
54112
803678
399869
368309
720744
880309
693447
182372
113482
817707
116343
870677
605869
443155
308240
728436
774334
515331
558685
715285
156731
365095
555549
835595
564663
37822
358884
88387
595769
912266
178808
649880
715944
92881
532394
436689
973189
225841
133265
86671
557752
763811
471552
163622
206966
779792
406262
495505
295123
964946
210790
966058
844245
280543
315858
923112
318364
188947
11499
914132
101213
704510
78217
817156
797390
610610
768049
770580
350655
415519
371455
422612
179330
843007
100438
386296
137004
506699
396005
946330
471645
606794
426593
830094
887336
742451
753206
719904
445602
278909
148241
546814
983419
740661
878174
295014
865476
160429
65594
216131
575947
951253
152947
269481
308465
253384
169981
445468
760082
565985
906002
745931
172779
332596
576025
574319
589251
843435
294223
34853
122345
442463
95871
619968
183125
974044
914981
48601
648677
494780
778935
738828
446033
931882
8310
268702
185266
178290
228374
459553
744275
134376
205484
431258
981175
295714
5578
570426
139149
814004
605278
775697
256468
215353
395665
953796
703602
824851
516601
352279
319631
809740
91108
279868
741622
62774
441093
791910
291147
900645
50390
425522
620333
995852
920902
916046
1430
491328
55196
815433
610811
345097
586105
826163
740762
54106
529765
565613
84911
396249
399448
894651
1561
679315
150478
615181
742088
105775
407091
547439
520624
971685
487165
140958
967537
408067
571208
483171
899395
140608
812808
24411
485705
398914
850573
226467
967223
894543
306284
52135
804996
705731
460990
806556
899250
611467
421737
155543
717242
343032
217186
237866
314717
704350
893027
796458
112418
464236
279629
526017
604843
606642
550427
604752
519760
915204
345423
486983
323952
651706
53322
128948
871641
514311
449708
285096
125779
871444
954842
357225
728681
172028
595090
557602
390583
488118
354061
503000
466558
147894
543221
585605
754535
607852
190358
788499
37261
535780
275483
361213
701691
328804
87537
357320
454073
372633
483098
839721
841679
840322
568402
13708
949616
126005
918494
951938
421494
418496
656367
478919
518306
925107
86771
708663
713606
124031
758647
503293
999447
460338
346302
518017
547875
703621
486294
434712
700923
326015
276391
55450
408622
804302
5066
48831
722796
471209
557304
658494
403909
213671
137413
922214
652982
738387
145082
366589
376623
903729
869881
376070
364067
730387
408291
426146
434008
894584
860857
134931
734804
137249
190380
143426
941550
709650
706460
664347
180859
263764
837045
98972
991638
974458
21187
644621
227050
166268
525414
603672
69997
909499
493947
948268
639887
902237
374414
588099
796822
235272
723030
45831
886724
427614
703460
342479
651468
409920
6826
346531
187888
358076
445503
179526
332534
980893
338351
559583
147161
377969
677460
731362
287469
171407
193835
441560
73644
568248
29659
384670
317724
266893
944704
718652
694507
648164
61132
860179
58084
582161
206711
245971
940236
652213
939701
272770
147311
278052
346558
294471
656021
24018
540037
457694
709628
733871
899253
297476
816324
443116
196351
648252
710009
141055
366905
918720
789219
428036
778899
847302
10197
985609
607478
950433
152027
547179
737407
299337
339435
598169
108013
509660
136391
162254
967353
846018
896125
380811
143495
226654
823927
854049
874905
533936
995103
241810
452656
784322
184050
231555
145830
194247
731369
753307
658884
397600
814690
396291
211142
154125
994460
833358
177990
645055
995611
145343
491074
405941
40359
148773
632594
864285
2822
21705
912425
997924
263514
365081
296452
961768
110840
442281
156015
356413
195588
814898
268218
10278
725393
479359
678606
234058
826921
856595
879113
822532
516143
884391
228474
556501
33164
375272
934990
550189
396976
847415
548113
174695
726700
844564
136463
351744
801049
806681
708157
996636
135784
490579
521118
861176
484142
713929
609439
311063
84729
488552
133595
600871
372943
876272
671576
920310
251545
606566
470499
648520
453981
532816
823214
694885
891585
473881
46630
692634
280562
268991
203476
416345
759569
724593
791726
243711
952726
401165
554773
37456
688367
638326
776863
564640
824107
697173
816184
430673
681876
978908
398859
214692
802123
93744
106277
276004
140373
798911
70771
409363
516591
487115
168932
755388
278841
412642
708115
680005
481619
745570
83926
684191
898100
374993
248831
722207
586370
579219
667085
268246
72332
65944
997142
388659
159687
103419
178868
300060
416534
249638
223627
933124
736752
906763
688513
529798
833609
910832
724007
315229
170607
322138
999419
68707
697130
762454
305119
283501
855877
486408
65951
928208
552351
63093
316868
226242
680716
495735
526301
611454
745372
264133
58784
996328
170896
747296
40331
4505
172333
764338
319733
342939
86476
833356
925849
297810
595810
745172
95515
451687
231580
161466
379896
783930
224558
210968
10173
419478
706702
50678
30933
452074
829014
89716
962606
999909
351216
2938
4415
37753
281480
838351
380691
367955
671708
306540
179969
781722
51713
275484
233410
283292
436949
127510
581427
175711
338477
105804
109394
45179
670685
140326
11457
499700
744245
488267
499609
609665
491204
18228
647417
286888
370784
28108
654842
556696
848851
834811
338418
900563
624499
86032
698060
61448
213541
793691
751362
66222
413699
860755
625604
84384
1081
151265
98288
259530
639532
112102
869194
644940
130329
516611
931828
15317
58923
100875
572012
907774
449890
910430
322542
74389
996461
534806
650040
210003
328497
401403
790428
256400
262158
416033
340784
777443
567297
439071
551177
206829
551172
420372
365974
195706
451187
297802
211022
510110
398676
783034
932088
362771
207669
254630
437159
204130
303641
87200
928336
632137
2807
718765
402742
264964
134798
743525
556611
702094
696800
107789
423128
247973
42365
789101
957882
7756
601107
168904
32070
513987
466142
964157
876757
673810
732992
828121
392145
36633
915320
320481
182974
918126
553450
585715
697294
688247
329240
768110
904546
540245
390103
841878
788217
946671
630979
260304
954426
746290
943411
986496
260277
409554
950653
651239
597568
683645
479360
989712
234482
394680
824398
417456
827010
377848
3171
38509
580300
846615
320823
484846
386860
710925
326724
689281
657596
471907
949584
126228
732401
407200
112724
992677
330958
577581
643916
928526
775431
123276
432443
9913
32160
256841
427368
373374
148894
944743
926087
729193
305563
246910
214039
692422
472040
54967
895907
643840
41078
359696
770067
773478
766895
396995
280360
97854
974576
438481
26380
264212
561756
973026
274124
108121
229868
215697
995698
378761
674644
921785
622158
980206
682900
836196
186833
669144
405367
82740
312984
960648
442435
597256
734126
209330
994250
528690
307183
483031
967170
847766
747242
43132
334998
535571
151252
564865
265472
661154
457830
940115
582940
79988
920321
780044
430388
107154
449188
349959
704097
276376
310607
146532
387836
558937
870065
382087
87627
691453
379322
54798
539219
640769
97929
874216
176340
763384
953285
441811
424538
925319
896130
521682
519511
816451
815930
949898
437809
265118
814061
141906
55699
124668
288437
443534
683604
158502
339825
285436
849954
233352
854437
903378
874120
466570
291799
564664
229954
759289
6475
168696
684608
902604
204583
204120
233260
20513
668222
185273
799835
996488
327178
369738
121156
129819
813271
318965
802524
153097
118605
166684
900652
973041
70062
774772
439611
876064
339436
183769
635353
860114
866668
834166
276923
71251
552490
510182
605968
734916
695454
920007
731404
536836
289745
852560
666654
617220
685729
983382
284521
804333
150066
185173
777374
734331
959944
731189
610396
813584
914957
759953
673698
781625
594119
950620
367081
146609
975006
487253
395730
184665
407260
127134
235705
211209
493898
416563
828428
179627
399946
112950
498164
550011
812326
789742
284343
772271
520931
408943
585855
950092
168896
773758
245923
277220
238583
613003
938032
213590
614460
333762
912458
535924
460896
148164
747132
954793
564726
89765
648625
478876
202714
146789
28888
15041
936531
827434
301516
457462
236377
401575
407555
919476
175333
653477
196696
413916
780684
134729
141710
395144
468490
568372
445272
443590
230740
192404
398384
309671
282168
47009
788546
999086
708001
817433
528331
644532
159072
829846
616199
395448
745625
537958
314925
920958
191435
25825
849078
486323
160553
504992
395671
143248
73364
840942
586837
304104
547550
499425
613774
829717
60638
916524
343008
768639
733958
871338
413171
893029
215389
29370
802682
961014
567327
631811
396177
272966
657635
759459
273493
332393
264451
669163
475640
852018
24310
576681
670326
571859
76107
798304
915781
136744
714829
258789
905382
962991
644332
832758
370225
859720
862127
172907
334939
943659
318922
245320
730829
976557
518983
4323
308950
297638
187690
298794
149657
212000
875474
334187
298063
951580
132492
728048
88325
361525
986837
507911
324516
631169
340669
208945
5094
717001
896056
854237
660660
214978
613761
391489
191535
132745
910015
14689
944586
97706
313482
608447
823909
188957
942634
636176
140537
589330
364225
743065
950854
351062
765181
275370
496435
105850
998518
15733
822850
894574
384174
997714
109553
997935
903408
815291
644884
813423
829980
103675
911128
657666
712122
249242
846622
654756
885418
501364
244086
249643
758633
709144
114909
523814
984513
611343
143869
983031
141280
480923
391811
525454
478638
501363
37594
382046
316654
196682
709673
660838
300356
620802
318505
12478
870043
679331
181438
269666
180695
425523
519308
453533
134667
148421
977346
633384
273968
635419
130621
415248
522431
454906
109185
537998
492499
5435
368856
203385
715107
543899
503740
850113
862403
516218
234362
55939
697655
504027
236634
637383
537540
204371
286254
685960
695921
433843
959928
331341
78668
375176
961887
115303
344286
585276
653300
350989
590710
536360
554373
820021
80259
58113
670135
456866
88535
418701
512805
300395
922727
263643
451982
974471
982217
738235
660432
678138
686282
620360
9479
764949
509740
485570
880251
368230
70846
47756
719218
175760
584116
273591
995781
178579
845907
180121
149650
934442
598821
176659
234837
521548
954505
201023
496020
936722
453462
670656
614860
139745
805220
138544
904693
829164
624113
299150
197394
694959
861109
916611
384923
959429
704406
380704
138009
550313
560824
287658
484755
159645
978520
233796
195398
933025
949022
205622
869747
402485
390482
484607
542229
195702
623150
961126
539070
761468
774480
736463
970631
635590
167279
355554
595019
871684
736258
247232
936201
811286
49094
935161
485136
27614
683161
680533
960638
632184
400359
830385
34669
790840
829197
91102
986541
966551
566432
525611
728019
340913
776278
698650
490707
943556
568409
599930
329445
818871
847162
779850
630157
896255
715011
115293
438074
912377
795825
398712
544561
710388
743302
93434
501228
572499
698739
487769
539050
265171
527584
781274
120288
303862
994128
610994
761622
562537
210925
605271
381408
572291
899326
11566
982750
614337
641062
420824
526714
951092
333741
585479
661480
77043
678912
162709
163746
377651
164682
217000
157027
692266
998273
277314
510332
992402
402513
786159
554939
127642
905634
450552
699932
804960
462117
682682
933502
617383
617711
974420
568475
951451
559900
229956
542698
753016
392664
706443
644872
71550
923442
316103
763815
921716
593416
788352
428323
510133
88716
497466
637774
994349
948017
313515
924338
534593
247017
541722
666508
221437
110197
617959
295541
340152
160657
562762
247020
381304
721838
318570
818950
37941
596589
740666
145561
384941
683193
655694
473656
180660
293468
982210
128677
145379
295725
53016
679971
56946
594737
860683
792586
704933
478642
602332
559290
153503
165094
806309
49011
401136
124879
867960
439076
235673
122832
584636
620613
806024
240330
608474
986683
48003
104889
629565
193381
914817
682580
387556
971762
277317
248239
278553
496454
241085
880884
55744
908791
560182
376258
957801
961317
15341
825761
914597
251013
462797
499234
385831
268822
253768
508509
769709
301770
613397
399274
495150
528214
81854
396910
14181
873374
645148
806937
884033
886232
687822
309228
762208
830238
267029
723526
359784
606995
638123
610796
69792
651561
510831
852817
905329
19340
622527
721303
632736
21801
216454
675154
617859
127568
203539
5438
772716
10477
889470
173153
212503
343452
482381
974710
687894
263614
212441
561882
870608
364769
172679
454605
16330
683509
821626
435863
217054
444153
157167
363994
980158
887824
39149
112222
15392
756891
117659
302312
281572
521334
475465
494074
378990
472050
982989
66884
735663
709634
628766
120477
74403
315649
575081
604937
513362
910911
555004
730415
355065
226375
94410
849427
114199
647762
961648
643795
918857
79307
460311
200430
600640
935775
208708
493834
922029
191697
560718
657693
901331
703688
292374
489938
533541
381659
94875
46903
292570
649879
291523
647634
876253
900136
497061
504657
62103
972913
662656
980959
566425
122967
695593
167065
572947
904301
660899
494976
610202
735821
666873
511533
953713
959246
1472
487254
340905
610550
48361
633475
774633
854087
795313
650887
268428
806579
669748
330530
779492
332404
825694
345917
969574
35492
27187
542521
939792
202290
37498
64200
452315
704370
575732
920232
177822
91408
921690
518726
216163
970050
666405
990795
338343
975923
155887
606770
782502
825634
451505
76199
672242
791403
936320
641817
341099
963506
698542
795096
680000
736039
859295
646519
954614
435027
566751
646640
40640
488441
679570
256802
972695
345976
761801
311038
321899
917688
432013
618605
257527
397722
694803
929769
703329
631123
85791
44428
108834
784332
839523
303038
34577
698818
949556
503395
648050
30512
150035
688689
518952
829604
459695
491648
689784
221496
316890
525887
139184
263107
144492
910915
175033
353500
354889
878361
984622
440679
436994
607661
739215
276517
910698
287996
489540
374460
305595
137590
404971
969833
340483
438128
313643
800177
929775
3427
535877
760869
529314
189266
538181
188010
100181
713213
541509
455069
591575
40337
409952
542773
162202
663371
819289
587104
465572
308829
961563
771166
960622
880739
255205
301105
318867
568847
615486
248642
86478
151364
523715
129996
854833
61896
318006
955013
289314
373719
924286
395093
414055
334238
937865
576256
511813
757154
163361
977384
580188
639128
262756
540810
519867
517960
356120
838733
86807
971605
601579
173284
637173
639499
303280
6211
701394
135490
961223
504912
509208
399714
900004
923263
248156
837869
13724
759969
109229
691288
251558
689416
844621
514313
744430
364488
32273
100550
717426
119079
586360
319005
806567
737737
472708
109847
743948
688307
759540
219376
193219
268748
619090
93224
706215
867245
445297
234144
141419
554525
925431
392977
758145
770052
907289
502576
648745
939562
117330
366171
572845
217894
199380
379412
955631
672088
3463
699579
874599
763002
918954
67818
545955
52249
161041
252170
919494
120543
486313
60913
675067
925949
453889
433213
210206
361179
449993
858950
814945
567322
739325
901994
785216
452910
281407
255052
639202
799073
954630
513801
76281
387789
581618
136440
440038
256864
388609
873736
377406
389127
448853
566677
315076
902742
999889
525281
778125
964086
898436
107275
45614
151966
9269
345034
119080
804879
600085
758281
118158
68920
786286
194438
456708
882109
330877
410950
138973
233690
284686
30583
622816
733539
111464
937891
150486
625558
977377
442815
589644
390018
550089
635257
541983
559357
980290
661063
364237
580375
933548
482394
163499
719835
620207
601944
36117
545361
255121
269806
830047
799907
406827
77791
911370
858922
228276
536928
836299
671090
126573
740521
735383
276034
282505
294740
256325
457772
658976
350904
391320
655574
514403
625359
846609
648814
227303
882725
194175
482423
666736
538426
796534
73563
130421
707905
446689
872900
244833
797193
58195
885609
537714
793577
161644
334423
88318
932172
792194
261498
283076
697719
431277
311683
323078
277886
474701
550381
674816
668876
547008
855756
721506
343543
443523
851927
51448
890211
724827
810484
687404
783022
696094
225119
90804
371942
559541
179121
304114
865940
954823
587189
563659
386100
413077
886736
178190
887777
437117
367210
70858
498330
222966
792364
841872
666488
158496
407524
70905
883322
732212
758308
180549
942510
497631
271353
314452
571377
964677
618565
437317
433705
205755
976
334009
133036
887711
512199
20813
839033
879408
91671
851567
616579
398239
207644
797271
556734
129372
868175
954260
861583
140689
134810
804094
638319
920366
118546
209696
399248
251316
647012
347158
971274
162192
681166
104310
564108
193365
125122
917345
586978
730996
768912
203557
129235
976555
515032
685968
105927
383208
640229
967509
523896
289243
285808
676419
723813
918558
400320
123061
169874
561536
470218
141148
723728
665589
245457
287836
858953
884782
205181
960135
615779
974092
677896
745013
464852
192929
945186
570778
90341
585415
52492
614236
874657
338300
804859
112675
256858
205179
235735
426731
766715
220158
82083
490443
885746
327539
292483
258904
212321
11868
733244
342304
500164
411140
601522
965015
118273
546708
49998
208613
646327
102489
337053
35189
954992
141913
147863
211850
347091
897801
152785
113806
117959
749071
118453
517909
76610
925139
291018
803135
937006
24262
659643
951374
949605
261165
430594
582083
807872
480591
790695
968403
97285
127749
3592
52277
269661
151454
778331
130956
49256
931115
244762
681418
680187
877418
199328
271001
316763
4550
588340
767973
543015
247984
719348
6825
23353
149942
588907
345430
144738
379603
313833
242022
21556
317425
294298
291216
983082
586833
422171
32338
517949
181137
227961
712340
572760
941492
497545
889522
946041
85886
657495
489056
848073
376843
10085
871425
40990
598992
216855
699931
978594
44893
456157
150
362317
264659
805569
345399
851492
741944
891941
369441
923081
119902
595985
10046
61394
93530
899567
521639
693619
557062
524899
55897
448110
534983
927322
3304
133975
658381
703234
626773
703273
673595
141127
579794
938253
946695
925193
789745
688640
331339
673390
125926
965444
269375
135971
541042
877109
35538
62681
84933
106804
101784
140830
69118
636766
582356
72421
284946
240737
289859
911718
458215
963453
52846
38009
415912
513745
477406
205657
716589
808744
879047
842514
288393
148422
492689
343639
539735
42431
920523
624668
149235
22307
279702
732556
173278
862057
319182
458223
616998
123245
884145
75213
600903
936990
113222
16815
964940
590627
222471
681529
913576
101518
524044
716173
764144
16733
59813
818083
59164
980335
442751
722602
2643
236657
455158
175920
98714
288544
148347
229917
411789
32492
305129
12692
483687
932554
29506
448627
37387
766180
130156
465167
867698
654199
181340
146047
185137
755356
964129
758504
735692
921085
995310
252539
157742
450468
942662
770660
253217
91009
577
665005
123500
305705
677696
121391
752464
221406
570017
789850
987585
700173
255017
369488
868576
950560
515534
567917
705917
479664
326421
955813
400749
321731
208352
72695
286404
665218
843354
539620
756226
843930
204625
393930
663840
396525
515321
416304
617930
599542
720358
119720
299715
489579
489208
682496
440139
4742
250413
660260
998609
576834
616073
913562
412769
338629
986257
699172
3847
829611
752996
274277
187747
471825
182412
851586
382554
211937
782094
514688
811478
502452
634408
111194
992030
123616
793689
946373
642561
44102
120839
641171
135140
736911
554733
547909
589745
540990
761285
593591
884806
28487
867868
72553
500311
564484
438343
397070
776420
220437
911757
587898
237093
546165
699091
229123
183985
6985
689700
826546
565291
810538
981921
214635
61655
536654
276748
651399
591849
552238
244990
990859
580724
627062
63412
595239
191546
501754
992308
482170
236395
904066
70069
473487
964435
283364
216814
804553
906513
489171
369844
231257
471092
98683
292911
521950
375431
944309
628003
927668
703503
618862
508392
844770
196478
617835
550520
212436
610144
32691
448830
28415
102759
922316
992849
900326
139130
655474
704879
45644
144645
74723
791104
129941
173406
84015
166096
63041
542528
794098
990708
760235
927165
13305
605005
123643
631139
669730
336079
755487
216625
299113
783901
319383
221430
290956
733913
360559
946429
438793
920406
605279
27720
711510
249424
715329
309729
778369
852256
209618
769077
126697
650987
296586
731701
774629
927725
915635
624912
683212
132260
924025
981318
965846
659659
272274
699760
20218
732907
138553
454829
338186
680476
680543
101815
395806
990272
517333
174175
356733
726950
457457
483429
892141
754042
729335
666771
681767
159175
805887
879184
291435
244117
860502
771485
903775
646980
471245
438198
379887
124002
407231
232278
804478
87774
334092
714488
592250
851424
888662
463188
92580
346119
460821
984720
614366
190156
165696
810337
863535
485788
689521
669174
729904
64228
440659
147885
711207
426109
586082
605299
64315
507517
837576
382997
595290
685872
97485
701745
537296
986147
164933
144080
846470
625753
128801
460836
330114
808700
271174
193649
294488
474899
377027
24393
53332
817685
172277
278743
757998
272563
884041
822313
294284
235822
205310
403778
921693
302795
105523
458990
803146
784659
117274
163821
410413
246074
624657
254731
568979
410035
962583
863466
399138
339610
887858
452469
671499
574339
731212
429498
361106
615253
251811
655389
365280
971324
573372
286973
788323
678894
260167
105674
463554
377441
269495
388171
137719
408356
157106
706697
818390
119689
570164
217528
973502
972226
184202
645001
60771
915413
588703
936080
44871
354718
105675
410150
840247
679046
211328
628570
471494
248449
335698
848934
517943
723868
986653
926298
880973
693350
258893
514866
777718
990624
2573
749945
174826
161779
810715
604443
750481
746795
163519
105200
852469
87873
945446
531515
299200
88221
403660
770694
336669
739357
133833
368816
977430
634690
295114
372608
842245
68211
401679
619963
58836
404251
369908
747865
566029
694827
866513
830715
955827
30032
450119
322501
632108
909769
368221
931308
997989
771880
216207
848863
25442
350039
217679
2872
498934
26998
889684
341179
95208
291363
961141
668247
209818
845254
416113
290052
540081
282626
120767
10113
826861
570885
332614
458969
994858
700834
390277
507052
472714
120688
355915
12360
984931
87799
529436
483865
629000
419120
825043
724207
224687
786184
906659
434504
145643
322772
724555
685724
119602
359526
210041
946462
444615
542654
405431
439473
243488
309913
946525
230406
430600
816644
242766
929735
904442
286406
413600
533442
705525
752847
771854
930211
53237
678513
878919
198879
515489
117680
398807
635090
991409
608848
581552
436025
151502
501187
389702
909194
325304
336227
653804
755904
152872
896569
685639
571518
182975
613444
619165
402704
366291
391019
847119
419527
583736
240244
618406
99225
357923
531417
248519
349332
344275
299561
805971
845461
689263
715165
170766
25490
368969
440874
692565
779743
640717
778288
476922
768365
397453
879626
134657
788471
240950
68388
886411
481193
200998
985635
353320
732415
234154
216857
386884
578428
516417
192855
938093
205680
908019
623063
745374
276989
578141
952143
570936
218859
730431
47858
501428
127884
441688
636084
430559
682638
218677
316970
163831
933878
816809
517151
666293
565167
734007
567382
657799
764628
760236
110098
484513
668256
733160
744091
459449
311302
696234
30385
44365
940870
592446
545792
582958
34135
696081
527722
716772
428962
358896
394807
362840
175706
426162
543338
255077
674373
110720
912876
439002
870955
22974
923514
53416
270338
667605
27069
95844
878043
571657
654412
333118
164104
714409
916076
198238
410490
443798
429214
353656
802693
338225
230700
492603
764387
774037
747680
438760
884756
174761
391966
269917
711938
315480
837536
982275
497289
864605
78120
889537
436262
732531
222655
600365
446940
138731
312807
371634
96733
256225
239494
413631
594450
470194
420438
873041
244231
682322
826005
643192
857082
217972
427313
569020
47656
264849
65501
544945
129454
143620
948686
79921
390355
171341
194490
351500
824276
21502
237338
435213
277726
476832
848843
386380
947025
783486
259421
705460
465808
85427
862856
322891
303398
290169
406115
351053
69223
471615
410202
712880
129439
358888
792800
33999
44434
501495
899702
868709
522996
137040
303922
800721
128076
666970
187102
589305
450456
960726
294766
916263
46153
671826
753358
863754
961995
673678
214808
545422
145293
139214
258302
788936
12307
565307
337139
56740
66802
236841
439653
589797
373880
257779
390518
501956
924748
91824
605465
889408
52551
900230
319877
612907
572057
587439
476662
48257
261117
205674
593678
920614
344887
851979
709550
871397
931490
560893
928136
998291
797733
881993
588088
171613
139773
492811
187773
578725
98839
793238
982338
151389
207673
302215
278501
293934
889653
755162
856394
664975
475040
450072
585589
334131
816256
809343
205529
747746
370236
647869
260243
167969
529863
848330
853785
669635
855345
555763
762564
954184
863205
744902
619777
585082
47117
898277
393221
450975
167644
249615
630154
642683
699687
215743
976814
30148
539290
696547
292098
423730
344416
552340
591698
874278
914875
959687
58118
770220
29655
820682
238609
407064
565584
372591
992146
126906
785072
385367
92085
952716
149186
722238
109604
848872
452185
600622
393224
991474
297169
685322
929408
641585
237662
35311
30068
152537
994997
88186
436962
538857
908867
189775
945920
988655
562365
452271
115561
347438
351842
207645
814358
501028
444087
923961
864104
896271
38789
257329
401950
335957
456855
331358
491746
694516
366668
521814
361258
875870
609999
312424
928931
33071
502198
874851
21726
64564
841327
651491
926205
193169
373340
740563
208401
817427
178729
72506
227903
217517
844038
144058
67679
300893
989619
73629
509613
870492
595442
870870
260567
719645
697498
189498
266920
199697
578553
288646
778464
419880
940136
704669
127254
827680
959436
335654
645107
138165
922363
387215
869886
766401
531272
451769
581498
520891
525397
91112
905587
635044
476186
166154
868893
173685
355651
135814
887585
934204
938663
666049
868288
393004
884922
995541
220684
844358
845400
865791
496727
767763
253006
880817
48370
298482
846790
629867
333577
372188
235183
239165
521436
225574
405318
904533
399258
275174
40347
801047
723582
493214
981300
591870
886217
866222
101617
106902
224785
947016
486897
235716
228984
254107
116534
277353
552588
963323
421425
400369
849715
170812
639533
885355
396385
559056
789889
795642
348434
344440
110894
72016
837654
92194
178090
238076
472620
279706
344977
697404
740926
346078
447325
969910
114389
563858
761467
181181
41386
182892
581550
405306
353704
221083
290661
750088
294343
594754
59936
642776
453399
685033
228996
291053
777227
407086
43333
764051
200996
902514
461456
941922
248592
422985
426037
362981
501047
187504
544161
542432
884600
125711
461942
752508
860998
266808
16801
155341
861561
590940
312322
314960
275974
541317
120217
567405
462607
163550
331456
663603
66064
307116
119730
828859
730100
545766
706044
231147
247474
764410
287784
646278
890120
749725
398786
265323
16533
929791
934868
392299
520731
247190
221463
310909
302711
341680
878313
765318
19434
209770
428921
599701
516885
62855
942764
761190
122825
648809
992336
884502
413219
280120
530781
817543
544050
443771
597071
560582
373562
531939
952880
408498
293333
174344
719406
596043
30228
597720
361361
563865
321694
304486
677770
352783
881544
134739
113973
4369
783547
620514
888871
710970
414838
933856
42719
958887
377627
153994
519470
751189
685932
986554
979264
160898
393297
89512
705329
505221
965077
783398
826914
269563
461168
693902
665312
110112
807874
669680
893658
428388
72756
118834
357431
6612
675756
316318
898443
829749
835787
649632
29886
336547
323523
523354
497444
716819
612865
716978
736245
577942
14581
563159
361710
989953
771265
27022
100065
579140
210906
507927
521732
797866
626760
879162
318682
816720
195481
217125
646469
545472
380961
190559
882018
704483
713912
893667
935507
326778
124850
671752
418924
139430
749115
294838
129383
520381
836063
229447
613725
561174
737374
649661
359040
878338
43029
191926
695059
752713
409051
855732
298185
790011
46292
694408
8700
760203
102280
458411
601185
227129
644367
534314
880762
907686
343356
10146
942271
179420
753796
555996
254798
491170
719862
128042
883713
762890
319967
578772
515603
243222
948708
327992
547438
509204
536604
556137
783612
638883
528752
899001
380216
173119
433315
260979
595009
290876
785328
537281
470295
539124
607481
725092
544499
327343
367338
428212
90233
687304
521188
120040
930526
984100
448032
477964
493305
984635
548305
276917
137724
77057
175918
517939
764379
123438
293122
359388
414313
78450
410873
398812
131779
18355
638108
676277
345697
5446
618693
950134
692749
654085
70174
137480
638185
32410
129648
645694
531250
677952
922610
668973
269213
612733
186912
547796
250375
994238
421389
178892
72688
832261
577703
204466
850615
730015
394947
710517
735460
13640
660651
942413
667724
730824
594098
820114
277439
723745
808688
915902
388419
477661
699319
515356
178777
761320
279935
173015
182709
458826
759907
529174
550733
964372
379790
280748
873524
90307
530412
887163
265162
987029
69093
510190
95332
889206
787628
333282
355014
596316
249184
257637
588181
462707
772992
766958
224027
567131
454177
406735
25957
214084
935909
90894
692661
829903
885845
566185
434414
416257
967552
213780
917491
36645
723969
527027
440055
25803
860308
795069
136323
109492
52706
724504
86404
339903
5667
310430
907033
974047
231370
447195
702336
681483
538088
394997
511386
423934
475386
460004
354395
442938
673783
786090
993787
911956
313118
433842
937758
173426
743115
74082
797122
795821
312790
883525
649928
832660
708159
71166
806707
939528
32565
509043
621011
570653
418244
646601
508791
893629
620809
377390
850772
808796
163481
358764
720753
990802
792605
172716
164228
49926
761001
475554
845746
73791
359079
9879
420655
67239
595248
227363
520971
627813
250610
656187
198466
668854
816992
221461
76688
437802
598850
441664
246598
276535
800427
481555
267337
107238
654271
945769
157163
929476
421323
517113
3268
294607
526991
938126
876049
122239
165489
397020
750051
930303
53207
462721
113362
384404
198386
190049
822205
797236
631713
583007
587975
946344
578767
855312
53582
233038
315286
210744
676718
736608
727856
194190
545419
769051
132317
421468
405495
812009
332693
669750
742312
900103
132472
855673
284507
845061
45723
106712
156502
191640
203924
744477
137984
782690
113994
705770
529932
429279
916513
206650
680091
158575
400840
739715
927625
533156
161183
333120
859369
493875
2871
601682
393979
649546
457355
192690
8812
17282
299402
165314
723125
17530
909790
375314
314424
537988
81084
844355
481471
997596
565209
675766
156171
480253
415481
598001
527613
576664
445325
386983
584743
448195
988664
492926
611945
960223
685616
620757
977505
499222
300275
214835
516751
724269
590148
831174
262257
671231
189734
743727
183033
754942
419493
339203
749400
834974
451408
277013
925842
896733
663995
24790
859132
652659
517716
471078
612883
717536
606039
104593
216758
906313
319427
247713
144787
423780
593091
407043
95011
297029
664974
278043
566175
84467
131451
315575
433645
582858
592588
873691
479591
256583
898481
338724
909242
416197
324006
36330
133733
444249
655126
864694
864766
488757
626611
9553
912536
219702
416595
521752
516730
595773
799794
82905
680239
445449
398480
628089
542512
505272
501780
536307
761854
400261
389235
185301
330662
713240
221630
978598
671693
876755
843292
536459
879717
469903
60216
792253
203809
991014
314005
234743
586787
628004
831852
781231
587657
744536
409320
130169
249808
911099
666476
11662
825565
569915
711167
156227
797360
932796
134826
469053
323757
492322
519717
203474
476430
579932
509931
194443
85152
823936
429186
671938
966144
261038
453169
553801
519778
376693
198175
769585
801997
378855
295451
627562
948769
6618
297993
746129
453619
947022
729387
777375
953549
249104
495053
429979
343240
519188
624421
428391
343124
567811
614534
823472
343053
581907
891478
862830
958600
89653
146620
274802
982711
442071
416568
931480
962892
714560
191815
416511
175788
921201
708090
129337
684509
717347
73520
27749
236536
212145
970344
93864
779956
584878
917336
637213
166785
323019
500044
639589
412671
646663
914390
909586
602938
845162
841066
80036
559723
547085
496546
249715
468286
718841
379051
152795
436188
452570
694748
186928
178919
665092
280792
958874
764174
712332
596088
930958
35351
610336
84753
962225
771203
513347
871811
888346
358510
227082
968381
432437
774167
464927
682151
756657
697972
61202
423657
134161
27976
118405
835292
721098
297701
116084
679973
61875
828415
790265
507037
377970
914805
591789
340195
686008
105137
212006
88559
977850
439088
56940
410287
727459
36072
92438
484116
734043
667843
907772
382408
210023
26177
217701
931120
323877
333784
125298
899955
676404
429767
406993
54374
858776
998781
908773
618122
120779
147548
110177
74071
204488
520463
801529
240559
127105
799850
974601
309152
707622
871214
33379
248004
88915
478704
86085
936902
118206
986040
127511
547973
393033
181885
406749
906018
604862
465738
38346
239845
613286
148522
313916
331978
668985
629649
572536
310294
429499
61342
133651
651326
932555
167029
413534
535674
645732
499618
472577
763938
999862
600087
826115
907099
296176
747068
813118
901037
212807
851463
140883
340297
999984
969002
186479
183174
112856
273219
493468
56560
334560
141323
222090
781320
308351
635623
831198
468288
649445
817979
232226
649308
932271
572545
556407
742651
319613
369525
157894
46624
735192
298776
901124
735177
781982
87603
432555
409042
360821
440227
465601
209586
581549
687690
505110
889900
323313
336308
358188
972758
668492
104618
136271
600763
677162
692677
343414
510979
576407
501307
557603
311599
314287
458727
560980
610473
60535
993535
19516
421355
433762
485116
145145
15312
687011
650254
419416
524528
500767
291808
497286
169259
910629
633556
284226
101996
840438
627639
612974
416845
643151
170577
242648
957437
143509
803628
567911
204043
311368
101631
139602
745129
586746
284747
274645
787961
449205
208265
312490
464176
14277
809775
147639
924905
957536
431864
26901
312179
573708
639875
243228
216859
324656
485875
688500
468164
803707
256411
186411
115075
358041
326013
860204
458992
610759
649053
246953
574168
371523
559442
38345
385799
883422
185983
310705
355163
132052
851809
181546
705759
5889
424773
922617
330545
910647
611117
312913
714355
381733
499324
343634
253978
339541
718042
227174
950299
367096
474127
524467
252823
547773
77016
638621
945399
262999
463530
300562
395050
315340
482107
615013
835432
421084
51835
680181
845936
662951
993094
74496
558888
6623
418129
327071
346163
136172
554244
810666
17472
542575
849337
270294
90349
926353
423119
35748
703556
886649
850514
612810
716193
846825
227823
551625
782114
279657
231807
628050
456812
739105
702545
529905
745727
120674
856975
606094
771049
925423
416760
788520
467999
266097
58814
558347
706654
481933
108299
410210
882786
473017
23020
113184
834047
765046
664808
616161
558907
410819
758415
529924
664128
460960
59829
409855
95838
431008
530153
866887
356431
946912
655407
824429
727214
228426
896980
433868
224563
519484
358283
107349
506705
895506
220532
340752
660553
399544
471117
733664
324568
229532
263588
988695
204696
323416
912755
300534
754423
442908
167421
110855
904025
337032
449488
631239
565457
346469
579311
790019
865952
937593
411572
886861
347305
632103
227614
522062
545852
212935
255726
870419
956671
519314
373319
161367
356934
286074
461900
625562
243187
143525
250621
147212
480557
700108
292655
46014
560781
386170
350238
940937
323764
761809
827799
908117
569617
707334
968173
782551
963059
838592
739222
996577
726115
414794
353512
12190
390898
979073
255376
534423
743898
916791
529184
444006
209446
89402
4788
595615
439639
945724
433583
715653
773523
133060
623770
343140
840393
591943
639896
317658
944739
893322
314235
185059
308116
181951
197248
699014
675228
966827
747641
419126
397823
276825
377337
607268
366226
382124
717088
320070
842052
664875
35723
129781
797935
173697
987124
638328
279844
627020
470190
738787
520343
784425
923845
828458
480580
635298
41677
155809
116330
574934
514153
580346
952270
121421
460777
848598
352713
780846
690651
531793
330773
334636
329728
18674
321760
482260
298517
948780
952450
551508
983327
251080
989557
325990
731659
624855
367667
887467
741185
671188
976606
255338
765739
443081
890962
226516
805884
757880
521566
10740
289673
366543
345375
133605
385216
667134
615864
197937
130119
82519
263649
113446
847802
253206
439436
579462
878061
321307
981133
133451
471944
902992
272438
915025
308159
13158
235114
66039
48928
245853
869915
415470
591227
3520
314890
258361
133589
512826
902684
216107
776474
16130
63910
29681
969769
157576
421946
805280
652913
555396
311980
124858
972592
98622
554087
280751
625984
789200
346790
674911
35053
216705
90382
626279
734429
405271
398844
868017
432302
815732
598328
722980
346067
176442
266865
315836
334017
688810
635321
986930
758410
461505
625992
731002
560126
180079
525958
700314
483483
872747
375226
518535
603656
979811
659018
338085
385082
572066
206102
331588
387799
804430
54569
733865
980871
321433
563905
829093
524448
199226
330228
797062
660730
956219
42270
735061
650502
568227
435375
133985
955178
324805
166724
558834
304616
339946
411124
203903
912011
131430
535490
814014
450064
104263
547879
945140
939900
625989
774233
464348
825214
618665
261410
89089
817883
249415
253795
386110
198994
387779
341288
523799
414327
828414
408652
339655
32317
834867
471084
82012
648882
921148
186274
710965
866288
126174
336954
154726
104726
676373
287595
880340
190727
376683
698223
440141
630477
84334
639134
532460
939825
677137
115371
354152
505552
524022
693806
52073
873093
679095
134084
521975
600243
834562
232941
980735
960735
84099
649665
65462
760471
937259
945801
951197
828146
158229
905542
972827
242562
58882
19492
696592
736018
134862
50744
755774
173088
258755
322052
46181
452054
456135
568156
52297
290697
315301
547236
765637
913603
711105
345303
674075
162569
805308
139477
504919
963536
559224
477746
206099
618105
497237
902690
868327
632098
467638
138307
805185
240597
460358
365570
692650
430697
933725
259151
235599
763230
320591
515440
676834
545900
860742
865113
708468
666050
518794
213387
629586
78018
205337
349889
210327
216778
766783
78655
848875
748626
731165
168265
989222
191523
48040
196078
136424
495969
969432
372022
259200
804228
887461
450238
350128
262408
315351
572801
928457
834144
786187
72249
426367
505729
422137
636693
722506
188921
229552
85587
937546
960716
768055
440973
666443
816094
151255
802867
312064
634892
689093
571263
439120
90760
535705
303452
353167
365260
876252
795829
199404
176645
868077
139975
682373
804418
290873
404879
993338
520424
490465
445089
481141
258521
400267
661788
74615
65726
464655
386678
700617
667953
472145
653941
272917
7850
957393
626083
373109
347850
936116
86718
524494
318398
740896
206867
122817
31769
125951
630359
552193
616415
75449
547538
874935
989919
209326
463755
569849
188186
364637
784671
370343
350987
438612
643259
873040
910209
783546
246150
772264
719663
847071
296758
38061
102172
17830
675081
133941
143780
305441
200338
760194
895093
747875
149335
399217
471405
127294
969065
173795
491930
753736
544137
842916
706553
187396
715957
130967
970942
476311
903230
204810
837586
199989
757074
939757
217818
432156
73698
361597
737596
274035
635995
146894
536114
785329
546110
521724
912622
515175
695518
918757
268912
239656
275878
489669
941255
506039
620635
426402
982349
523866
631211
334140
723854
902490
273898
455876
334646
861799
817472
586446
650039
967671
733339
700357
753001
279449
222081
179828
308828
917599
612789
577739
671459
402872
67408
612714
908910
202248
553321
405465
726113
184532
739604
449967
87022
527706
420047
935871
389506
751723
36522
553749
719394
769860
254106
986599
563513
990391
680632
872341
422195
293421
964284
93654
696292
545897
220572
119408
748144
773892
524872
474257
472629
264476
438428
73855
306387
372679
9727
210097
124402
560452
763845
843795
844517
532155
344600
408030
36751
25232
794575
458945
832856
273065
552598
43354
333166
287375
162761
81310
61267
201837
69771
533895
980516
22403
121955
286903
909285
645885
496999
33687
206337
775048
391686
50854
307204
736285
973088
343954
275721
767663
317104
622782
554932
869701
666135
888097
671280
343100
483611
732547
59141
67586
780646
39657
89988
902600
326560
999272
548485
823558
547163
269027
112812
938849
319880
934219
189339
292968
278173
574836
109481
602046
643972
979182
782385
532070
650462
125485
15681
897213
184625
597471
192065
738485
687458
608869
65045
200936
157355
402808
262303
940585
515619
715356
260465
964042
904695
67638
756419
398164
156678
865900
210
800649
845082
782594
846923
9749
422283
862604
421167
121112
974279
613231
373801
661737
222100
438846
376877
355858
639180
834243
385681
868740
94709
349723
287640
676550
106142
685803
833227
972041
686012
633876
331328
982810
480800
341077
919297
857608
276448
554613
831887
889678
928414
7829
625982
881464
898910
519641
237322
52295
868088
623002
921034
962796
486929
208675
153551
593070
894477
986777
565112
94695
134859
410644
591709
129863
265925
25212
501675
542372
579824
946254
508238
855594
572237
268709
606082
141228
321003
474170
278434
756242
436967
765362
479121
104722
358433
373598
605704
437749
982496
740562
362597
88411
384629
628522
113622
886303
170894
693445
734069
631353
715888
103868
203590
619794
372577
809671
761022
207784
283841
553660
478230
235012
319023
957350
339734
191660
845153
945437
143613
827649
200204
506209
430264
584832
648935
543885
985339
819829
237331
719408
965386
467423
337480
168976
87217
710056
492851
362443
432045
776691
916103
910274
525908
749330
867625
379846
940989
712778
839487
598806
54632
39691
105015
484896
138727
753950
28781
124066
87984
780315
357678
53370
247738
695157
736549
849159
405214
229400
725806
351463
520295
156114
261737
46203
905443
129362
426048
360637
356344
265535
959442
410976
819429
64458
895871
958155
332612
438856
596425
934799
733376
954102
502373
981113
649260
238922
344477
568678
982525
584488
920140
502820
740601
181877
63228
646045
825443
3480
6682
181787
783219
966124
106967
602648
544786
517042
75009
391602
470103
671433
326401
203479
625536
828773
698796
789000
581899
43274
564424
627761
277818
581448
368362
973898
644675
528611
799341
648155
535293
495333
945578
15622
116504
548226
74612
147751
137439
466213
617853
808872
792613
821331
948612
135591
520127
251817
717489
77605
609494
796117
705365
401516
377565
587932
375414
536445
116543
688960
698804
166040
698497
644382
695865
815000
706812
770476
962750
844251
236689
94808
167328
543506
916138
630144
193301
436266
881960
910789
28075
491454
706906
733440
892969
598676
835576
782587
135121
466323
985751
833924
146568
684248
478306
842432
13454
185118
127114
490408
543573
878006
585216
710900
421513
501354
341044
614813
451824
223004
39808
994103
228662
260918
727543
635835
859593
77324
418423
508918
543646
404174
342842
690213
602627
335352
46851
616080
34675
688168
106488
578247
566174
205908
803352
501891
221467
144396
630909
187495
367400
670716
181598
110266
445838
423345
746101
819636
500668
164524
328554
558519
82902
185601
762936
685528
35157
809786
815812
69831
497954
436505
162283
578333
642412
965634
80224
863878
110030
711132
51374
991633
896052
232971
101900
341891
656316
362205
675731
526728
4285
229707
123834
704089
992643
323567
739246
316634
653583
323281
328793
90088
485563
907125
732500
965401
501553
596378
589636
212686
161956
95474
622942
909131
197373
479037
79652
559577
154768
750839
600509
673257
494751
238548
377346
487394
76319
116592
318232
729901
439873
647024
819989
439640
68354
552489
405042
569907
663071
994677
296797
339232
90151
919738
248363
801728
398776
842218
875509
67748
593057
990223
741004
87808
742975
118351
89406
819293
749146
407638
549194
189019
568866
369183
142864
637220
435876
547905
207127
613152
56787
503923
952383
661141
714950
977073
850845
557168
852583
918593
664429
357011
173802
266442
99986
806356
355847
919278
555503
277689
982676
258726
360760
351860
401589
997979
301940
463698
719310
915091
34689
737437
381679
695830
675302
96629
672903
526148
168001
444741
832430
396701
132747
98872
10891
939103
454718
930168
494606
246612
912845
267536
607371
778909
183330
119555
595053
647027
838864
510145
681716
576301
891823
891750
251603
502657
78858
777750
670657
118549
736695
503087
29454
869442
601958
40345
322750
570881
484717
331560
331697
911766
599095
939067
690675
782424
58622
285729
943656
897485
310078
625372
987990
716105
31327
239593
218762
110184
531548
403624
228732
782447
420915
772390
166094
22874
812734
488843
107959
811655
820402
439655
723422
933702
892926
928301
716126
951547
728234
659782
363237
552516
799358
351227
268622
344889
105024
1588
455073
150776
919415
198009
340331
970398
99317
877408
297337
102365
985366
108993
436971
939225
346619
370673
832151
274920
86800
297903
517359
260786
175344
69875
574349
40775
338496
919237
145798
854288
374310
810778
773703
572319
744001
114034
56922
357522
991441
354259
974090
491012
977455
411062
430237
324074
781734
776592
113198
382738
74495
630556
157729
764042
214636
732077
804816
67336
651314
464819
921623
539829
275597
209532
626352
533802
323565
197478
405528
829211
65941
379619
320223
43396
790680
264665
881673
86619
41257
509076
469357
629956
139632
627085
393998
868471
873366
198815
935807
38885
177838
371635
578713
453434
581166
719269
501440
418936
916747
906967
248147
982687
286586
82574
540288
591470
347238
421961
678089
902699
931036
147446
532655
584873
288735
440857
967548
162101
639671
903355
200985
331713
274991
293903
785146
370361
527376
789296
444123
707758
37443
941015
994343
634221
995507
585814
495663
931672
263903
398362
862709
925552
445221
961786
728491
886078
929334
890591
39954
346895
605780
371667
136090
413887
156813
506450
941263
957603
295747
385386
665361
847393
840605
173909
481614
836112
273927
977277
767785
52034
889843
144699
977585
335065
620689
220281
221143
625076
261096
925326
230857
632762
61416
644743
303780
567866
586006
775587
863612
485597
955152
225210
840406
129061
706824
676519
402988
198306
958508
455021
602353
617411
946811
937417
752304
167092
672764
816531
792168
448065
741858
537229
80827
317478
181972
898810
885343
282183
674397
263160
281984
143754
488370
122390
272815
313113
190007
421908
785825
645027
24261
403236
106043
475883
155540
273135
148647
486276
579507
596711
742338
116736
191743
59816
812911
604757
945159
609298
793359
722523
891281
937112
725097
13672
209927
434495
840988
399933
370607
626814
559165
909072
544254
665207
384955
699794
452546
47806
700274
32053
158722
442612
662992
864668
502427
475904
469425
961790
85202
776988
684314
976483
714101
923615
504359
438232
358111
345347
352370
242922
486365
911534
151994
30620
90946
51153
244618
543492
98959
944891
89749
771884
387503
752741
636552
404134
742849
620181
365925
342255
397170
564443
832942
111271
488058
337301
63707
360373
196853
416076
603295
683217
841814
269493
228041
932760
320646
472658
990456
419604
417549
80205
191488
805051
347150
342244
723390
89999
962424
89315
432254
873798
167962
265196
499273
656019
116702
562980
530597
827758
979055
133892
25180
820870
403384
253221
267835
724029
725878
258291
657837
143428
338495
363529
462683
199850
705772
186073
289848
182402
789591
236306
570404
957552
15707
69678
127777
646612
632657
658373
474370
125917
792264
499549
946786
709852
752769
214621
948086
478648
987115
120128
136280
325611
483657
598962
39665
703633
299240
329512
400239
88831
80023
970643
560588
95729
40321
688364
742340
187182
346737
730914
313098
653205
230463
774089
877261
497437
502914
825347
976084
490030
945475
626568
329845
943336
739734
369509
646969
38974
213225
561413
642009
807451
532056
202597
903179
86581
405165
159724
273762
266106
404842
101064
919310
635305
389357
310776
132742
406476
650328
623030
410710
110008
249598
254759
53344
989331
624267
214517
542510
351696
775929
184519
159148
822189
901319
576531
908769
306484
250460
696735
572589
655301
312004
6104
804810
701360
831083
451756
107836
481411
588990
32750
591418
838587
287508
158966
342124
425979
887687
884633
777675
177821
583356
451027
11
484675
541762
422984
305363
306426
392156
475932
945927
398259
647287
743546
246703
269328
224958
835692
302077
330580
188485
103790
3751
44813
529768
891437
929445
307443
583462
27006
272674
583472
25885
814436
520661
331247
120862
154585
237607
596793
100512
150070
391740
262003
893615
638442
45535
632777
988338
861816
963357
965605
481312
221635
495373
886953
665284
317021
470415
206494
589694
568092
232378
918334
88753
77829
553401
243337
315435
664398
858052
465504
56138
120055
359120
208784
165590
506101
711327
27406
469458
888149
507215
464974
623989
2588
351927
803477
319608
9972
423507
418843
756553
341841
507595
834382
409446
265136
664021
73845
123188
643730
644186
757446
517054
852970
437240
23155
564297
464645
6818
966650
971859
471791
104844
488652
337923
908321
322464
188674
432497
745970
607516
189050
602016
629315
537636
11462
894450
201658
85306
531842
845387
243697
803492
362441
96667
240733
899799
175168
705377
906616
656022
191442
378408
760866
194298
230535
183392
516761
419208
615888
776936
26724
804937
378952
656038
342574
904617
64693
58436
504128
110739
418027
747824
914230
294672
358695
154963
194471
533862
374545
101088
704088
80191
993699
464954
274488
224234
648345
791248
157646
264233
82389
184369
583375
461340
354611
440153
365958
419303
12793
870085
530041
430819
617909
958475
725490
976603
113439
434165
24670
2188
535252
728757
82378
43156
707916
356865
267389
870465
662317
425034
648903
744706
123607
720250
478217
186635
86208
411724
199427
470497
455969
630245
602610
414445
869939
93418
42088
118087
44275
353561
361049
126652
396716
68965
997720
178310
939429
174242
603343
588332
433152
241155
334814
153403
233576
521448
753814
645300
720874
738516
615473
865323
341126
29918
249467
434544
586209
67776
66835
630483
421336
427883
271339
818051
11052
269059
996360
950481
957505
113909
53018
390657
869267
387832
58264
102843
423484
326283
748142
144359
64799
877820
523886
920128
907737
773353
868876
841128
449916
638634
776668
877798
909973
594719
403055
693236
353536
650741
733397
920757
555603
116869
308589
128071
219711
732073
454353
482058
390636
33356
359878
914521
467689
781819
202079
850769
275766
557411
300685
428605
334079
692688
338578
443003
95743
31814
62492
449278
682555
310093
884239
752362
426961
707033
880432
646671
953310
848990
128729
343946
882345
2811
772671
864238
784630
488955
715008
574600
46366
15693
3205
380445
708380
341782
337652
804122
887800
400143
767604
570355
710235
651844
836921
137196
358877
717353
298071
312187
566343
941004
170337
962893
943814
457212
827131
728444
946166
542139
817249
506737
72037
820453
887181
780416
676440
739037
98744
564240
139180
866347
648799
849414
32396
485720
500814
905476
717277
798884
731867
797825
739888
416408
760718
683703
873620
102054
926351
819786
644193
257805
840727
230434
592463
242113
10850
268903
981149
109593
347347
120329
490145
996145
483947
36745
996069
984760
942221
227551
297850
674088
25376
37738
90497
786093
235645
478321
888147
676201
812311
46545
934005
653039
276978
526468
895151
802031
309575
876301
425829
656921
996629
915973
167271
994781
952717
163340
979541
409143
390891
277391
83232
930470
829333
687932
230769
579182
166253
118916
255383
978563
679664
703593
631602
470846
230061
40959
272877
539636
917259
698705
710761
428093
128883
878032
422874
595805
555576
916620
4948
460671
708215
602383
391142
537548
290315
621910
116731
970771
255030
886317
463540
934693
589910
95142
919743
819971
136100
192620
873811
567563
405530
584572
995656
534412
976808
932734
644421
532385
849354
649369
993055
557570
251752
384197
609322
56272
6107
240257
27043
261136
126575
490582
710033
230689
99929
629776
50660
750232
336601
438675
317796
742130
537452
827656
790746
514260
760390
435168
46645
609745
598741
553905
681519
364697
938101
805045
420968
458413
45303
962215
233753
686081
452797
943786
916769
66930
87767
481634
331367
424367
920308
649162
680701
971964
991022
985652
430
751412
935024
561278
875361
47970
115183
71085
412666
53285
876130
833634
511697
435637
310054
745449
121718
277055
203440
38487
343985
805411
34325
743982
468838
838717
424684
440802
829739
924540
441231
95356
859564
2510
484922
907533
117692
556006
834403
685180
432136
668037
711081
867772
978090
456531
503694
255146
542181
113335
979585
90710
302890
723568
559547
141607
662456
350
485550
101201
955784
580905
474969
472498
580031
896706
104395
136038
731109
789574
913351
500656
950150
405646
471391
968048
174996
159770
24434
288330
139356
115144
105424
377128
674690
247030
553788
189244
246784
169193
145029
341894
644161
131731
921924
540867
236125
57962
271976
25700
140340
699531
40560
604694
105178
26155
572742
280173
185924
597176
82708
839483
712319
188131
730815
901213
949365
284603
90458
196149
453795
235486
538042
612160
367216
974171
153027
117546
32133
939207
143245
686676
638738
698008
805574
258120
724162
892521
538293
910085
3902
135205
749569
716220
323335
480384
131638
786904
279192
222095
983053
247191
457580
35300
859351
339001
9471
526582
456546
555808
465789
113995
242484
618732
812002
562263
876851
50369
454784
929348
960453
458685
64553
224227
689109
902092
704611
820746
688996
498007
42842
186254
745197
14626
221554
604548
867830
745228
131131
838580
301036
111124
952574
57725
729855
278781
619987
120912
329149
588975
50260
803807
47660
629017
28034
736768
45314
246849
71719
248514
744855
114560
434768
490053
643390
170526
608805
511220
429958
739935
349801
730994
365264
816579
302923
95119
95361
437114
216030
938713
26089
780494
256725
587952
923715
284759
324720
969028
45812
910642
217542
790667
539407
166514
794924
182797
851243
403729
694016
281202
657869
558021
12196
23133
374601
829322
632455
984165
266436
362690
437083
292524
143184
693808
880475
581103
492771
719399
550131
538582
144246
281877
329249
683652
962595
638377
866448
813838
42107
74670
95040
699975
146895
621439
237312
35700
450761
869766
19865
231401
232456
971152
38129
664960
432808
470946
157731
666411
535281
210517
810657
331363
53971
494309
293958
692347
360758
107796
248658
949631
717040
948632
96526
338479
700148
132226
303445
666294
534845
316575
637446
572974
206419
816610
5782
191569
488545
672193
241055
699062
997054
572417
267237
491363
380579
959583
366325
2579
208242
830160
719618
671078
926686
58098
371227
573116
875746
455346
753614
410591
286125
391061
497769
6748
721875
17756
198317
210421
689948
953575
423687
201207
40197
690923
692569
420775
164711
573099
423353
372952
403259
142972
558235
844149
715273
443666
417265
591019
899011
170880
515814
699340
76145
13584
706088
312224
31339
418609
36849
235491
372184
974739
436697
412380
665662
643470
833154
344578
216569
770711
231734
134033
913682
789968
978181
143160
233634
395447
248383
646849
80531
278402
346190
670879
291985
52278
983102
837527
470886
534156
587222
843069
508895
23919
769653
688762
181593
602807
33340
912366
887722
265073
46399
315610
55042
24580
458769
802879
934230
221357
449729
528965
499758
795918
199844
305947
362400
697151
143474
833285
231307
244900
740201
474416
428963
964614
591427
462302
876980
479149
241580
923378
794758
296621
462163
767732
613704
396393
989088
63433
925358
3051
373555
639406
308997
735954
336557
966674
83444
82068
211574
788206
822269
508800
262622
765436
473414
854048
741943
864599
847402
983522
302182
642160
794347
764344
924096
408051
160738
913184
985688
600300
430439
359243
239706
739435
609402
90468
220314
692845
172535
946091
995256
509008
454891
772082
274445
442510
140336
530592
307109
987737
28319
123495
144102
822665
887839
68199
744920
562781
981382
730608
163081
411822
89852
916990
665461
699253
7458
399980
906302
694197
346071
901558
203205
315167
673641
991853
757676
813976
522445
578989
315918
64968
702483
460019
887632
590322
528217
632553
667307
23805
363161
344592
949830
967216
261583
615291
180674
783244
15271
86977
991645
875546
502739
194851
190713
690584
700908
948388
18765
737558
527377
334682
802525
744064
794701
204363
848591
837122
836915
515898
860926
714280
860490
810756
636277
376375
955522
463351
925371
831068
480295
634426
535985
170879
849538
484373
189644
587096
525954
524325
903826
270019
833230
108189
118610
670353
459308
148712
531279
173588
523406
342036
369289
673887
282288
259869
607613
752014
237424
47189
97288
717718
195819
633272
888597
45357
117646
78241
146658
157804
116770
50484
942026
950000
158672
60636
134558
132184
723552
665836
305771
246958
522076
189265
920845
318568
963337
42663
70583
200761
89851
167870
918479
799873
801141
807076
845229
432991
399521
506091
105000
30495
556574
47026
494699
229450
621866
629256
361633
345418
809297
181609
106580
331373
885077
27425
649941
848414
584291
234728
563379
188346
916801
481858
988218
717942
803138
347653
665138
716863
853743
770137
747358
924522
756261
668176
953232
385518
29810
298650
194815
725622
405230
40392
124904
946858
204537
487522
531150
439264
50901
719495
356065
532759
221919
588212
850101
569571
767554
566965
423314
51896
828527
862040
383262
584788
530217
850699
484510
74231
663553
193529
799852
68783
233921
438960
529846
438457
926481
575200
391926
491586
294695
262195
24345
516613
850406
388651
600388
132165
955615
23703
184060
298347
885742
81527
883134
930163
932225
881849
4394
595778
75378
318450
178766
823502
757409
708611
776164
198095
798015
168090
689681
92710
430284
228230
123528
794895
616880
723915
927059
86700
261822
625324
661769
706850
296590
591932
153280
178439
110531
749057
253816
428980
927822
77319
700594
150638
367687
898688
948652
535776
102574
555567
480264
845008
193299
275159
461888
431418
716423
62793
693240
341747
962042
869213
562801
258632
975349
716080
951274
85880
465137
205091
29065
907164
796613
729658
572006
164300
142551
34864
214280
245125
104635
694543
90133
297933
483907
66225
243555
200330
643221
450999
542076
119469
320212
104877
378100
809766
820956
329375
895645
800297
48670
924709
221666
359487
654367
793672
37991
796918
342740
252270
556247
447374
461017
160584
259511
944923
226808
503065
145253
384234
954064
201533
503702
788480
