669679
533833
538880
940977
253078
387368
872429
89698
757871
613660
193000
276648
535251
948546
397307
268751
917039
569534
368392
515518
851109
576089
7381
357895
58268
179421
201264
591085
330542
594737
598458
221
642774
651542
941198
895851
553114
327832
499754
310986
941491
206958
101838
990946
155504
13349
259697
586747
582882
628088
102266
433991
718382
109646
306090
290854
803271
507354
881938
133813
616295
994600
648238
773274
646143
589436
669125
199257
431472
683083
24447
372963
890040
126284
363910
559748
139632
137811
146496
722513
280104
762965
670708
512690
872610
976798
803543
190086
998356
199686
838103
128856
194286
486341
902129
354633
75777
85460
553890
21453
282747
92541
394415
686992
218825
272529
246740
872660
924544
907439
109379
204648
670404
780086
717337
57220
271089
35085
761509
783649
234770
599612
426710
943259
85953
328839
297893
675933
928502
365987
697385
211250
458527
606005
898241
191556
392738
659185
64217
317282
566625
173595
36134
751233
467885
267675
322657
738974
816963
84167
36828
51733
197983
463537
509197
798140
306581
807089
988277
749287
173076
199868
474741
145807
805872
887186
337363
712814
546372
401579
544301
627201
89378
94639
378434
557262
362314
215296
810440
179277
813666
361473
745214
11649
339214
254411
323993
645794
575704
312271
909286
262984
512138
384027
408790
832214
271214
260357
59233
331790
176140
603533
958990
265517
698172
851628
336984
574690
66924
661628
268171
394794
23101
13385
920647
362315
781999
244640
522313
871907
556910
431599
134891
583252
329831
57886
929670
115249
832446
988903
447038
8587
106641
406028
788307
804812
771860
639495
379502
352989
301124
161878
747782
838428
689466
668429
714947
471466
913069
751465
857577
984183
697268
992468
81641
27099
564558
11311
142347
911208
214
589384
919794
106855
509616
222307
425871
281477
861801
319578
634465
677129
481455
896451
515558
170921
564881
744709
156591
992154
496174
14169
976337
193443
520841
57978
220541
599603
583493
877092
510811
97911
980680
944810
718969
490297
167117
144841
285978
28918
978622
920442
220252
974281
331098
735809
145202
895978
994722
815997
888132
490897
344370
378675
684339
379415
950856
419084
979017
534349
296176
4033
146465
276857
948842
865433
281358
115959
524478
567335
659081
503100
1982
393537
477381
333079
643550
136788
743262
638272
466989
631394
129169
811358
524273
327712
190773
475130
746796
683994
523683
42972
688026
670147
834032
636869
49786
629594
267032
574263
196929
440317
77364
713114
833853
68949
560398
477403
205736
303660
629880
186929
449258
759048
998286
973531
86761
189059
962865
833556
387257
486548
390732
75284
670900
738969
226357
720685
368563
493388
809152
79697
447910
400720
307015
795967
469669
867412
787575
189609
171072
417455
376538
620330
176503
889028
108066
777467
592292
70931
125228
979548
71683
30165
54832
256787
283338
281188
491676
651900
288781
300829
245801
250895
701548
552816
46862
685421
934432
834436
389235
105505
766095
279977
240039
456803
169005
862308
234270
761296
447443
873702
740845
519125
903866
795676
290117
187204
591069
781792
353308
394054
596825
113314
644948
812578
666129
691809
12204
600561
40451
401438
220270
806545
681414
974512
263348
850419
836820
11823
125920
284263
885524
866764
317593
789390
176646
607709
490798
767714
903705
358310
161768
14736
471623
806715
827313
651956
12729
839516
766722
53179
755159
501196
373929
436573
475709
637276
801196
826733
649098
927116
110997
534622
308085
942793
838216
484730
550502
843218
766648
968411
201529
928415
983146
187356
249335
810459
353517
262064
164181
120239
829446
919339
135639
203375
870116
611347
354856
185518
438081
3954
112634
63282
52781
420718
6075
890996
419653
70781
248420
186301
553396
964152
628921
536543
151508
878255
861206
19229
654523
539591
653671
998174
458930
789310
715753
843251
400657
70609
28769
352942
74563
655606
930427
127343
590528
450706
532543
10181
521486
780962
196482
589087
745114
825402
125630
410827
217862
501040
430055
386590
40632
83727
384764
13766
873036
614721
857016
787897
685330
399989
655044
759892
55595
585471
401439
646123
36178
448186
656303
71868
229149
366989
660954
488467
706595
300788
899293
438662
801828
329349
825251
842459
927279
724219
370429
800315
338940
227446
102417
538474
627434
757460
812570
197234
857136
214009
843356
407518
176400
13864
479385
405548
380853
140340
894014
601652
955331
307513
40314
757159
151066
379769
113823
78345
103988
484252
392864
957132
225902
495280
9811
367540
766945
822381
564773
138286
550594
922333
545803
726993
936197
25188
646745
317050
679731
540760
918701
635063
362477
473220
906426
513542
852988
20250
591886
471181
18706
984749
428313
758811
994233
438123
126351
275383
774708
205329
413668
325303
127662
959470
52296
63859
498863
699041
895112
692798
754005
813814
842065
116482
287034
748492
144228
654226
282946
736113
125407
815855
235067
553719
574666
229300
506047
215221
18888
280755
420549
432555
120262
548211
906230
172558
126274
919297
385803
21387
612095
654012
349405
454161
284698
150643
716857
428925
804868
514007
165038
930275
329862
400104
998198
418732
143608
18450
633952
676699
813409
54502
109255
933670
116917
529689
620432
243190
448986
6235
778780
61081
174451
128185
29446
459148
278827
260507
888072
597900
774513
567314
528175
618579
481622
526373
551515
625230
59028
185468
301929
872436
754173
925387
806106
385294
455076
426539
628483
418266
946977
407264
993551
121429
49653
22997
580576
328480
797708
982853
926379
86426
550167
968758
705005
31790
9336
770724
171224
68363
956191
987356
940798
224569
426949
746905
609862
396229
687648
752550
814495
634625
159814
808046
756053
723670
345247
850834
566354
142955
833687
6938
229381
383854
975695
448590
929847
985031
219314
101071
567598
689710
88428
508397
914278
29581
769506
524141
425809
457154
276691
240304
91779
950708
48350
362037
674378
393597
212871
240733
536551
560762
761874
280136
458820
737570
728725
388668
236806
948039
3943
804403
151954
606574
827004
66232
636154
110715
590372
61964
567868
381267
302267
173852
846179
864821
535888
520558
772622
262963
275495
823377
337929
37369
103514
796748
289143
346443
699620
40153
808686
703563
358761
960639
310137
185765
26872
460496
296480
131448
522459
378552
512715
338930
552403
358894
717955
602495
393656
490577
379662
183355
313955
717590
734928
931672
28544
538275
278115
728163
578428
86802
431726
937188
47441
256068
122953
588516
716563
933636
719964
753226
312189
746883
92156
378796
619981
810111
495496
527842
814892
875157
711196
128847
106953
960328
574723
135496
498604
367043
863658
77032
453844
809589
14220
15489
579861
651376
118210
810628
99218
352378
563854
925610
99261
170214
304406
233446
494529
314106
761287
309422
189264
986688
952472
296216
947016
527196
945915
959824
894238
323778
36856
862286
647571
565279
391979
227432
730860
510188
552264
830077
