981830
683931
631953
198234
52457
114244
254155
599600
972586
771903
357860
395170
940742
899534
155499
533900
495170
163159
871918
847935
54712
49539
50310
286453
608604
460723
610338
969782
482754
63026
600693
978788
261161
232646
691226
313617
346890
459585
427421
833680
745692
299486
228850
686435
199020
898552
220335
208394
61711
92253
56329
116422
655995
620842
402874
778803
81566
13213
748586
78524
590442
863483
571516
365807
96129
262743
193628
957222
722327
621048
790902
468020
434738
19752
154455
633757
918303
888993
842150
980013
495450
412683
610640
151446
33526
527718
930248
629295
55135
193039
222023
645576
56522
793538
11383
666855
56281
205010
624077
292813
340263
414980
760832
775000
948935
429491
922962
867239
318484
279317
361457
328138
692000
486301
479583
239730
14020
924036
869024
69154
631279
605251
228935
202006
398789
240317
868860
969274
959531
7142
776291
813998
422121
51328
588998
371057
480818
26165
752500
313506
305482
113957
641643
997481
114463
635431
751415
128482
73672
620439
197635
219155
739894
426569
421160
138683
181091
804224
622161
654826
811366
398452
468824
747691
449779
572026
118748
444801
598191
385452
758306
903672
13614
914154
415358
128076
63790
166773
256557
651665
301416
968395
870819
41310
394965
291980
694196
90260
96204
830562
745085
421774
743218
213909
169466
192998
300139
802417
152003
412534
187870
424514
316206
201483
852872
245768
843762
916661
926744
100319
568326
228160
68714
953349
783673
977882
245329
992074
68142
855737
822636
327431
277511
565854
55544
446976
273056
355683
763598
425059
768216
951467
849572
598627
667154
702444
358599
510916
133310
285344
125439
215840
513503
708356
169189
811381
686239
928722
803455
268585
784459
626091
596016
576174
706149
651559
537355
979205
7242
300953
918468
289663
252420
768040
888289
433778
984688
246888
458898
117998
46436
584336
848041
74144
292692
17230
885524
493135
945951
688979
761720
730410
829274
871940
820789
49628
523499
358144
28833
44946
659096
947300
334608
425720
229545
737101
859497
214233
498193
318395
846434
544629
416935
694475
618772
223831
225910
504296
231171
171861
707479
507095
416476
50958
379035
237265
100585
416738
595408
643622
461683
254504
105127
310495
194428
334672
561800
53925
63109
59994
886523
423748
118827
817662
632427
737598
41493
858336
756098
786867
30198
977781
293962
960877
542943
672996
712346
157732
603939
307754
801353
65622
76462
420685
890321
270889
269561
452121
839017
332669
26319
725540
756416
145145
57407
388844
396947
98899
761384
667249
399971
305786
645030
693932
266663
187973
881133
979008
859909
485072
800966
175467
64898
391632
596151
955218
176725
865711
921544
15742
712585
947862
255486
983205
607212
312892
886253
518363
925995
647638
185613
325966
953423
830642
534102
734291
532820
415235
227504
906933
900306
28471
82400
965204
934306
678551
920422
111032
58467
356171
126773
771051
818238
896463
268462
425450
723559
154715
943812
649554
802352
129425
489724
269981
474272
23827
4272
521296
439061
231775
428229
853572
774449
510628
818776
708756
703383
253403
819787
276055
609574
460764
47106
427812
871431
315567
367466
594991
984486
311278
758749
786838
954907
248474
571023
943383
786504
575294
464679
739769
321274
407112
593341
95723
917739
926321
318683
135328
179725
652674
411382
789298
113439
972691
731314
984869
802463
98780
94065
786949
924261
852814
87992
393373
615492
659015
336756
401996
748513
315639
655969
69787
722750
249311
679714
154695
175632
512601
804226
869560
165276
215608
658858
792918
702503
904376
291992
504966
3156
386057
806119
927417
238871
894111
834994
854362
553126
171751
770562
815843
487389
426531
885630
724344
190046
79549
393243
365678
592149
197469
235238
757424
413076
408301
550342
115579
312677
842334
134750
830037
742595
940868
271659
981465
834979
106653
350032
902309
792607
120594
718153
794201
61329
117988
518545
251375
197536
911787
131257
303889
109256
880698
61314
36536
288999
125860
666318
115881
482398
801067
460122
224993
256141
731780
720662
91120
352637
584898
507634
145245
705491
739991
939445
281025
857978
972194
532399
569718
398186
663655
873606
507441
544353
449124
58181
347557
574984
724498
977641
57382
39771
437763
796579
295911
683747
31446
901234
36384
616344
408868
695832
836039
663063
149482
117064
35246
121676
649462
604963
519861
827321
992774
541506
885879
441898
113891
747640
16882
838389
725281
588468
392364
677248
899251
688274
875199
930696
589508
425787
547040
512581
121620
383080
689848
271101
500143
725094
392777
663810
844261
426842
5336
837035
482553
891214
278934
596443
638854
810019
434832
878339
912691
827195
69792
811942
29674
944990
742639
133387
370778
803883
160172
492397
186963
850019
277702
201311
575113
184683
379325
419375
611525
384660
770614
608282
790079
49548
204725
943137
373772
153762
821477
286463
495161
405473
98406
524835
350464
355249
658221
235446
673336
332597
242047
374504
182616
519748
575814
271934
704431
955138
205513
830160
854002
976126
438442
644081
25675
157371
587219
399446
311132
922900
685908
806293
328373
298518
845332
193041
167971
17758
428486
841307
350354
670532
215811
532969
704485
305829
319107
923120
775171
524619
753280
629173
500746
705926
787459
40625
377501
888882
440070
688633
325987
640182
9131
654359
452905
854462
361605
135080
872219
304295
976386
736777
974827
706401
269746
193517
526434
103058
116637
301605
627676
384121
444983
128422
90047
746646
169046
981751
635528
123320
670384
961514
277707
679514
130078
244816
48181
5887
379895
434604
310182
870486
171381
799213
91092
955331
992729
617526
58389
109366
433335
686064
493486
392522
328691
97737
653372
11941
79488
288900
649465
264077
764618
927171
457795
408901
171987
505976
928991
66086
940579
239173
936571
111961
38386
27664
581496
545319
159394
639884
654684
106933
840152
662374
499455
168843
760110
152827
694988
353803
955931
344453
617879
234754
785828
75674
643654
957814
95854
572646
538104
36434
326023
474676
662598
878613
16544
244094
423932
690141
883977
592821
797073
238334
769399
296528
407177
529510
963559
102165
397517
919490
960821
15396
154244
746649
605273
312103
218668
701127
398953
756771
251765
239180
745651
914362
117793
276399
672660
55930
966539
70842
162955
763613
309175
932353
574345
230556
976067
537904
332720
373584
971598
807745
903183
125843
554394
22662
952149
773061
723788
865306
44038
975552
104486
789688
404119
736483
580292
590983
792412
546831
661824
955366
310444
970998
887719
398994
201555
863787
936897
48479
751575
908496
856224
654759
548543
924822
677420
500692
212089
915412
880202
256126
405169
984687
560018
323492
721170
140310
914474
27787
201346
576298
983152
25994
61501
385077
424987
263055
763068
361885
311534
28848
784585
681962
683606
333128
606784
875230
348024
333077
304847
228226
589202
224220
727117
663425
547711
962492
317939
976389
990278
519284
552687
487636
545278
614188
386917
484469
391447
664189
846353
217185
693036
145143
899146
890847
992474
20136
280282
340498
353212
585129
82928
456619
809348
324250
634248
871264
286742
952186
847653
791224
985675
914545
793064
530953
528733
694185
529626
434384
358374
890184
651569
51411
35327
64920
456462
27802
85055
736743
882503
952471
321872
965431
923294
645425
803885
557542
30894
90627
509728
878546
396055
495403
793091
703324
540560
836028
911713
70187
784617
784292
960370
436186
835702
509901
501105
292164
537702
100365
543111
420206
52836
864983
899841
976129
24613
703726
533671
55506
308557
557603
448256
218816
567211
755552
436344
107771
591580
348058
692161
376197
132350
652531
326587
482256
676637
827692
288624
214339
442261
831734
148749
495096
210922
48590
985429
235534
752315
33305
805243
60872
105112
253500
793892
672322
9052
230236
780093
114836
578293
986458
5238
224847
153195
331824
707102
829831
673720
995725
44170
115981
827460
192919
125281
552586
755712
624914
788120
508028
658218
593363
83104
277535
361067
876995
949856
370118
621436
244154
484954
199729
230613
490191
424576
383807
336219
645882
213638
9940
641608
257807
640124
983272
964929
765405
535858
720642
390319
838182
742874
562742
431546
340182
354481
306817
217178
304337
676935
838613
548491
676093
552546
779103
680488
491326
162910
16707
137209
376547
540850
293021
148558
180975
276293
627692
460584
326355
348334
365107
164538
605412
442053
110288
945593
796533
417104
676975
100871
608243
29793
649361
284336
96544
942668
479028
587869
105578
495735
239282
996328
550789
532302
659090
731763
322799
286782
192347
649154
149320
71659
327896
268936
513711
438183
214530
310245
369491
405709
925319
977734
435502
88885
262070
532045
31553
741098
634118
651334
751037
873400
161867
301826
405702
820956
547794
728501
621943
254345
891859
771262
326003
219755
554403
839714
657937
768932
664163
27428
174641
589482
5162
124347
678366
781436
170596
224123
36739
804714
875456
301980
678114
37323
603805
598020
372483
665803
840725
994425
920148
732584
279893
246151
952338
834295
600069
124480
603227
778436
666112
292072
367918
185478
930623
560488
481118
101219
784610
517856
905932
174271
819835
98251
211593
937845
696271
584076
117853
51201
92706
38001
297990
372598
798356
250328
206893
912629
889012
324324
691066
69329
130601
573188
254806
61224
133677
735924
162442
432491
767984
582579
606762
102025
680829
332559
554074
891304
430839
671926
456710
523545
224132
754699
410347
22488
519231
131445
935116
408243
455768
140387
991775
100573
713575
246582
161796
361456
496710
838442
793946
778898
421021
914912
880922
616054
761676
949200
21564
192515
621127
478273
230264
359463
232972
640611
381950
752202
772055
831270
674650
742027
971657
666425
842600
199437
427211
518600
560892
923920
357042
869042
702819
292267
298160
97946
908321
59836
561351
929884
766554
696682
922361
511023
56145
669537
151634
438094
421739
437893
783568
610593
694124
269430
277019
536724
468866
218434
569529
29758
142355
926570
413005
359378
733042
711164
971527
641363
285204
532878
85452
565962
743764
522017
76985
799908
191554
742822
752206
613292
180715
535775
738090
389044
805204
529313
439972
274071
747746
9501
818032
404305
936071
745241
277887
669113
970609
763619
824680
255813
810701
424336
335980
554466
946352
412964
354374
137906
155787
106581
265402
850705
156560
3492
239749
961763
47009
679721
750038
794755
689221
82276
199060
139497
827516
991151
322814
798126
754770
661698
568143
565471
86034
904122
119937
546590
317087
988515
198700
987077
95096
464102
837782
765859
981797
591736
241827
28807
785661
991865
337766
989086
74141
51030
128584
415861
42181
965601
728191
311155
141505
296335
876626
741742
714661
510767
288333
545952
499282
487032
533029
108582
465338
885016
874440
961340
990956
116268
504351
776617
622337
842116
765703
210682
893145
408491
140747
449531
888297
868938
760685
29802
679477
151516
771543
394138
662283
574080
940090
675769
575317
987323
784351
40655
386544
172996
516199
377500
803467
20550
154117
940008
862665
434025
150690
270016
842515
291437
719546
730812
674579
994435
274818
354056
145952
560566
748193
808234
134646
202488
998207
709962
189812
296763
264822
576355
469759
781020
468060
787430
801570
622176
241644
178440
56201
906537
448455
412921
712178
682205
143733
386757
676641
932755
740812
336797
493321
3211
659235
627966
205698
657442
852133
909713
954205
116955
274
938168
412179
468333
239803
727953
90509
481446
420598
660914
387984
383257
73835
100162
65463
731771
486919
256308
664526
741935
593104
157847
745145
252339
785813
465048
423985
152151
374761
378190
783309
889238
316358
195488
357571
70366
437646
962284
551811
858243
623198
453999
241500
697032
554161
821166
428803
555284
77474
93330
811423
184782
765380
70774
951324
65398
535821
375310
217548
424786
753499
857
314025
584062
710549
671595
168632
148195
633879
720442
6438
771281
174442
762141
468313
242807
583308
411321
312295
174986
18855
123718
873972
784234
194491
825296
849632
244516
714810
581384
669302
982514
582241
497531
566576
292790
683330
249412
955188
831414
969853
961625
602695
658499
237971
585213
901305
821278
996533
727804
510469
529592
851522
898645
828030
560217
723941
191867
804733
438752
773251
988239
421266
869696
999974
502046
676690
683304
751457
631878
514718
235515
593503
631618
408219
345678
216831
823728
681161
727568
551533
191630
257160
403055
90275
85190
477476
328420
277057
282209
281376
564512
784652
216846
434208
784626
233096
110898
982135
498757
742775
496853
734272
850482
128471
656695
196160
859505
480423
877320
587073
31956
583154
844232
435010
187633
443627
426691
516053
234888
223104
797428
799399
7757
528479
233607
306587
761574
858708
288722
260332
601483
299780
508808
966169
942454
165503
676533
801960
645925
553854
389033
192086
137008
747470
141300
838845
191097
567990
354898
425984
791094
666530
225383
798850
195009
973193
619641
470788
346106
908363
245324
461793
208143
268336
427962
150597
433838
104495
466761
593967
172553
855794
786052
823765
603264
927352
662610
308565
495342
17508
734548
800640
198242
474135
113695
907455
961532
733336
378243
307638
641699
137771
769430
364046
406106
197392
28847
354148
816090
495608
462319
988643
351402
248372
812408
468870
689928
475018
777434
699474
6730
26187
500115
204971
500321
613809
626630
976057
347145
519077
283695
503048
656847
53125
381298
62953
764720
410145
931304
95015
905752
393624
83658
771358
156200
896065
240228
846127
885287
531866
59806
892016
558052
559920
611192
572577
687934
752026
548634
549283
271104
346533
566536
927950
913861
947833
505108
192786
357978
950616
287800
777934
344240
371458
549292
500439
781727
303724
860770
667015
835589
920576
73236
393641
994700
198632
480422
682634
950658
29056
746122
221762
889792
312658
663916
803653
260491
683228
996438
132674
633845
284239
910607
978084
169901
459900
992728
951627
763623
853498
132847
599213
774074
720287
507058
768775
918918
987480
965613
383781
530740
711735
119747
420533
538597
783663
738390
799088
981095
734829
445966
614940
533272
356573
107230
703172
816472
614162
169004
94301
467660
301851
207718
755939
536342
228980
524714
969464
730664
4532
353246
261405
230472
472992
196142
769068
770859
448736
82361
266160
697769
528326
395304
231041
884899
502533
448417
215576
116695
617421
824080
98560
433476
31798
854498
969817
260778
893416
453486
991441
897947
806731
767050
642623
793928
477396
411692
78992
926132
494052
345151
623901
22379
254660
369147
421482
757192
817563
637057
388092
434984
975342
856
382664
7140
855353
866685
782121
262974
320172
287768
675125
641107
54818
317749
949239
46419
729440
28232
972550
737696
887586
110656
274279
142246
479802
695760
413643
297366
847022
315939
246554
336569
316794
629218
343708
172147
10108
640034
949324
330279
927801
624449
971386
496823
942197
920625
543241
185842
463061
29996
923538
864852
140652
712021
7098
134658
921986
934944
432023
283213
250883
192782
619781
567676
336204
963488
254027
346311
117727
717555
190795
45528
342005
162181
542351
284202
597010
599796
984248
574276
629792
421991
439128
284648
134012
960429
419305
55998
895374
365533
339210
660461
558314
958990
742342
894517
436684
510573
755032
68615
228129
945826
114143
570133
108007
170698
368539
219222
284698
352787
307702
428694
774777
746829
713341
908789
707258
646851
478991
116837
12384
332406
291503
84902
805600
33845
979418
242284
544417
734450
825103
772545
194482
939245
342678
302488
624147
225422
35914
423049
578208
343615
851743
867190
604648
79289
775979
826111
726139
769174
942947
252727
101580
234450
337628
907180
782498
831250
663668
326916
79906
488771
99461
274387
942220
956343
91079
80572
695969
126993
503621
274177
984811
355364
655571
589460
434652
945754
415571
674996
714929
872722
927722
816508
621377
265351
723688
403875
610805
901561
730790
690710
390332
344456
965096
846757
815003
56176
927328
510972
697372
430949
299353
682183
786312
954924
785847
735169
900678
715622
924369
129812
588345
852091
946320
209722
631646
184213
127801
242452
599978
858591
933161
990310
717251
412463
837067
532254
468638
764395
557430
166010
709549
370987
362397
10066
840115
148245
745234
254999
863866
183808
384810
966415
35900
845334
690341
181750
543752
818142
424201
143730
676733
871567
134040
908188
284030
485311
954646
266872
763911
26281
947085
473460
397267
309482
483525
237383
971930
742964
6586
350002
926771
391395
316417
476875
236730
6759
658625
780481
339105
597030
438415
530042
982801
86660
438230
781035
571970
392876
47907
850085
419156
994991
837749
330627
818678
835479
82214
304813
578443
88799
654814
19419
994398
485436
10499
231128
6399
183328
525813
345503
780357
964227
875544
277364
50887
313774
58399
137062
220854
106306
987146
154214
615501
339101
484840
948383
174580
81259
767401
267227
170057
422215
286645
164455
421855
811347
909786
942457
994674
949803
287960
289237
428236
677708
566600
993326
991481
624998
644592
726539
245508
145944
394957
375214
485044
394002
837801
659623
475260
605202
926849
159521
27418
727698
838180
963476
539046
262171
905934
47925
211975
708098
337161
154415
385807
417965
147741
891492
557168
792333
618032
316880
938276
12989
692093
423320
921194
529895
597147
396454
135097
523996
555975
676718
251694
908359
640195
304944
170530
60334
352869
382504
768431
204234
536918
154238
136404
198864
45731
693571
505401
177967
10451
957881
705159
216749
895405
626354
746643
492552
537012
395944
530752
92987
72663
782445
515550
227062
601594
686080
801599
468667
68584
570030
672900
119707
238473
323508
832774
798407
17079
852379
976373
541734
810260
195737
758482
705665
822090
19330
712421
359103
415273
243173
966293
487935
539822
481844
229201
141416
167924
30800
610082
750711
115035
797187
384622
353507
634899
731600
151914
651978
583979
642491
707916
394239
838227
466398
614108
660318
999931
840733
533625
415204
83906
14123
417344
137933
10171
646544
279348
692298
191549
403635
443010
306583
715026
341836
174294
349925
587641
326207
516107
171620
482902
738227
80064
321129
718829
208376
495651
718760
49110
543480
133965
647219
551308
785151
567773
712056
578704
260072
903604
982338
217286
724391
211569
73326
898684
75698
660966
739095
591805
832586
221997
844236
426854
543126
563066
635229
38777
281826
684338
96462
415790
331558
654064
481302
116709
736041
193359
695412
996112
611167
191955
727602
335559
917727
800928
234243
993425
461894
973338
99435
808684
195335
943670
235538
252665
506736
870767
805646
302767
555105
902107
718556
400867
556171
714063
31781
292212
907421
241397
802529
32793
947556
530131
368351
865283
331059
116799
372913
307158
90137
472347
115842
799675
930222
351380
566545
436958
222147
372191
739724
291456
788502
972485
206528
858877
200753
238308
665293
108174
993908
467822
655170
941464
512158
23522
320953
843216
140320
693865
664578
744660
166213
780420
58540
96435
131800
139289
47597
868150
511479
301526
159606
814185
788215
366133
673062
988967
118645
338356
611345
112554
806177
266515
568222
318335
290036
889174
675756
944559
583040
340334
203424
749252
120754
776168
359891
766757
915456
921691
634907
941140
223217
308718
755325
11432
189055
428388
399
307700
766743
611743
934457
87125
878258
502679
919664
682498
906058
109625
141263
489098
449958
858890
752554
84917
635058
626649
365878
64720
548340
514990
5860
771557
823707
275389
297193
526966
703776
297592
834665
984723
423539
283327
586053
816001
300211
505717
12705
206269
129546
153967
209571
93708
527061
962124
178624
676324
588773
58707
741043
651317
573696
261107
937078
911607
536495
234272
438573
754476
46068
787443
253404
469606
70770
353661
799812
885184
859377
812516
605657
503127
480687
815227
596835
7748
291556
684071
880328
348369
939318
45851
922064
200425
982928
347876
251125
217200
786449
519805
263267
573892
773208
247078
158866
126870
46890
44051
500451
859405
649707
3579
340092
464935
114618
862043
756490
404280
546115
151024
752649
999637
711078
188918
714267
694006
536794
965391
911206
323243
485196
688677
411339
772608
935754
570204
413682
496848
128459
914133
356253
292371
431916
210549
271510
546533
586797
542204
950812
647116
207432
217666
646753
918509
406584
361020
612516
457582
326411
37927
295029
325811
240808
220572
612624
690767
790775
26306
187615
433439
454643
58073
725809
400763
782825
511523
461500
369622
53727
926517
16738
261159
144183
663491
179668
64971
24511
306388
36757
865126
858518
331785
705141
99327
552356
317765
790093
857336
858275
977707
804979
312918
549984
44993
713681
332810
556515
175181
702431
610241
101698
719169
385604
760085
382660
565272
825055
921374
385864
861812
300705
244383
707801
520051
343709
774362
352020
648006
145903
210295
139918
950881
523213
689902
995873
751098
22712
552388
926278
725142
676833
542181
444311
62438
302266
341175
141914
127321
776754
41982
503337
591663
286364
725343
111714
144277
499705
977938
306487
159812
188233
446405
110693
711445
136307
620770
462543
159018
687362
903026
398364
364195
445207
356880
940836
747472
698054
82750
388997
989012
124732
406539
94881
925299
131882
720798
583781
145791
698736
890267
305602
886969
336672
930498
112619
987182
551268
575162
146200
238630
478188
58769
117029
437599
415648
57866
699275
627906
654819
88272
616919
293755
9015
711799
733259
655100
946801
317040
315095
645538
207307
620696
532507
58184
65399
645125
45366
616666
734491
705770
369500
726883
764538
734
164482
180186
572803
863756
808091
741826
466233
939214
35582
475247
165218
283045
130348
112020
600084
445442
271762
321595
580343
804268
893982
645741
963597
453553
776612
698089
159323
660316
424972
438065
175254
103659
132455
748056
481619
940545
489883
947851
393965
39669
937303
73387
322713
581855
699610
437001
27297
971371
272800
121844
775639
680987
281790
253442
134540
572606
951530
808066
747126
890706
246131
922380
994364
378585
670436
475984
833334
674523
938039
741503
228396
875342
814890
65313
457197
514500
16518
998698
485872
289318
634746
775715
484509
916535
29157
619048
3346
980686
427114
750472
385598
187449
187057
894166
80238
857492
884354
913571
46221
822394
655075
274616
211941
984169
339929
669138
498669
356446
182041
498745
159968
816786
274461
644476
247527
303617
777728
250872
798508
719046
515548
698310
420699
702604
592476
500936
74302
476831
414508
120522
813429
583787
909341
25370
82161
763474
208712
580829
634125
390752
593779
794092
207539
868239
952773
969269
686060
244706
220141
998772
963752
249894
697082
898655
952497
289559
399592
541003
280594
328304
661524
608227
912090
85071
633596
994250
848544
356513
89284
482669
747264
683062
790966
469007
65506
257944
438276
751566
502649
172622
750338
980605
936719
447421
879261
403421
251184
793057
944424
45982
121361
120153
654208
547655
205223
802008
56110
567972
672725
145393
50641
419990
342660
355811
403201
408165
127959
355682
673935
144813
42508
938478
639622
979226
900103
33088
382647
151287
826144
841275
711472
947504
961428
365680
495159
680855
681892
65473
248827
354618
210866
813672
288812
67730
169483
206217
990098
811646
76103
664034
956458
118610
602512
596080
612040
502615
629168
508892
168106
455312
350167
879577
917021
825799
759461
926384
506655
955557
991857
755481
310175
716927
83358
113191
784656
767045
319408
288959
578691
909714
952992
535149
28325
69709
645433
154569
86528
274601
177665
254633
244118
42037
648414
675343
867835
922079
601727
374490
877637
107789
644176
702016
824715
727533
815207
123576
494578
648819
412535
587473
72738
879731
122622
101062
463645
768055
769835
550172
556860
947499
319010
800977
989535
967423
476320
371576
889503
592252
260270
281345
700040
904445
983360
38961
146184
312772
162536
154966
475795
89275
742439
548533
969006
379265
163799
432651
447838
982822
218385
395338
816036
533566
899077
783460
524091
784857
187168
116343
45128
982716
330587
463777
966076
369547
124165
793053
532083
793335
268848
621357
535774
331585
104568
429243
495384
537218
604972
457426
34246
823356
852763
850281
871126
266046
147946
395217
565107
849317
25764
610234
832033
356351
74012
798110
725897
712380
105368
772184
505715
888419
907746
555693
220005
12314
984936
229593
63737
589908
687018
612186
927468
53987
976671
798594
834236
124618
708016
399343
488139
733779
9578
320173
604334
597793
632487
330232
310173
737854
616620
330093
626273
524366
885785
360482
50885
384926
590074
628825
489038
277093
241011
416506
845283
217682
729305
679519
856503
437321
78862
344643
685304
602643
664815
289639
200436
811506
134075
24814
549360
750694
354906
689837
789265
754895
50320
840149
139822
640393
468974
628859
431690
709984
559570
276973
441870
288875
470696
812578
240400
549558
157221
925703
152201
336240
729546
866841
147746
863620
405859
211310
614315
274969
901146
403580
544068
465670
757933
683889
620268
226907
826953
51958
451095
386523
843135
407169
189602
313831
219747
944205
377593
891171
384113
43999
741615
113660
425044
889360
491484
830902
614874
105799
620075
30226
23583
164143
495895
295720
362237
116163
522626
189190
682325
487925
89917
39665
409299
279518
353495
629045
223723
731088
34422
122040
289291
776036
235699
714334
179602
727183
545236
794475
347186
679515
338905
884973
843657
834800
180693
720098
465167
217524
909287
661696
219653
999203
701360
628951
792925
54856
772201
530852
300148
806622
652892
589438
582658
402795
817976
762259
644182
363212
70940
991368
556931
409844
390546
914792
758848
571238
634891
738220
302966
544178
399916
522619
57587
101277
151570
850511
670336
437975
381364
484688
244597
548460
588330
341460
951254
406306
103719
595437
283722
688862
101010
354857
612911
491555
269649
885963
576997
904539
624183
394168
962922
538304
916786
534713
639580
582560
385224
824120
20536
280792
823012
265132
829251
925546
606591
780506
331852
224515
375943
129778
427581
991156
484634
554696
996915
754282
440660
573912
173027
64843
482284
650153
603146
399070
184866
756930
495835
84294
95255
516370
365086
432471
295706
194337
358017
416502
974842
204073
155221
864989
333850
582801
370350
332688
137498
367265
601175
92362
455382
774201
671408
937665
938558
274555
336736
123424
545689
346775
721921
155149
863144
87007
587619
673054
281344
459841
89556
770390
663913
758980
635380
511968
855986
5730
844655
507688
887199
445830
600049
342581
734235
271457
280246
186998
60216
131186
824625
120110
477960
546547
275258
855308
633553
377081
528363
914896
351126
132123
199492
529244
891103
349076
41212
261294
354805
400071
768981
242004
360106
369030
98789
94341
640486
795543
214907
510220
620168
335016
502385
166715
124478
357693
800268
501558
886055
229369
366889
532383
943064
896132
937690
292140
937343
198984
646945
851618
967964
403153
211724
851198
16147
820269
5889
395181
615812
220795
419605
235980
555810
921989
402695
680287
279683
717167
696050
679942
460740
62939
212325
403805
959070
664219
695944
410618
863202
857093
262236
345371
774451
988164
196569
790597
808433
202458
699982
424245
423252
119587
660224
493267
41577
577123
173554
835463
808494
869603
515405
783439
446746
241935
187244
920020
420358
397392
330638
283561
768690
107079
143136
57346
95243
853909
362147
903675
570571
62129
327920
508027
695919
502348
1294
251700
79472
689052
87163
402170
558655
116773
185609
519606
872911
887056
439626
293269
284449
284469
91034
567343
905751
748374
138893
994
602283
501039
418873
687058
77372
260997
195085
287495
763344
710583
53400
357020
399635
654766
759190
472494
771538
944798
992099
158654
831855
945930
451923
630508
230399
57161
712055
136150
805534
850947
651347
922021
866190
70220
609079
457766
331216
804164
259465
608764
28952
312864
479989
428586
967630
753383
415284
253373
698181
407384
412027
44241
353314
378154
188953
583712
435314
901007
234066
755053
266159
885412
677074
646553
955631
286154
618523
801051
604522
877988
924019
147678
705056
918212
576263
672686
991546
926059
883981
913134
852290
442426
780652
744648
631379
878568
694166
46591
112634
449219
826954
998045
640498
473507
467881
440856
606235
783136
45378
484223
221361
707259
189279
139573
283522
376170
811168
789272
816433
695149
216612
182928
137575
997263
927575
283158
875832
621741
329749
988465
70961
156703
500716
225663
144414
968596
666518
750648
265938
226100
749075
487298
933358
452559
626870
731084
342933
952242
520356
159366
161596
736967
342293
813375
734231
269868
96533
124268
891608
940485
112733
476773
611392
613448
702435
755806
96250
368953
20659
362187
595052
283939
363689
42615
736497
990558
773698
79430
457006
294055
752999
618601
545226
95292
431976
793661
879363
42714
917928
285176
497403
544866
761949
108796
672518
978588
378806
768767
861746
399464
645158
971002
683402
8847
13618
934103
513610
787315
527737
970615
595574
280736
103421
655005
376027
49602
962870
255390
606519
880799
54771
103922
939869
816719
212717
612387
309512
591522
895359
171258
505191
540517
656465
702797
63569
670082
151106
91383
971601
678842
576202
81381
959578
679622
736385
849809
243428
699255
619404
849946
94259
674174
953868
34128
490893
680789
160720
314609
786516
56079
72
291707
110800
656536
508708
688572
840822
659813
779954
326628
338656
356156
408008
812438
35779
658597
662247
793410
872057
281651
643357
480520
955824
111430
28853
960921
792218
189572
275531
92939
759854
789806
384645
870653
446342
407558
559226
801368
67371
853384
127996
920230
209541
50209
732668
759523
708805
394916
552933
580862
676566
710494
575587
146596
821923
604439
107517
128347
794010
897251
221285
553864
687057
120135
938721
647603
527692
12152
448971
109267
865536
91172
29498
589281
141380
276370
348804
850184
671285
901736
945251
862056
126436
520838
522856
462563
639481
630372
590909
433491
41829
326399
501559
243090
960737
440280
890693
2634
966636
853868
111900
346377
945039
655601
935657
86419
931971
284461
450808
117461
700401
910263
493721
341041
945305
16577
803604
584786
161154
394513
532481
202982
235116
34040
446071
195853
988523
850968
198486
955159
704837
824590
815740
164081
480191
751397
764704
926366
550062
215512
43828
764668
639979
537548
105709
585284
554125
909312
684274
229483
818030
216755
432464
53146
250794
392739
763203
753521
757912
475893
222886
976953
300483
38626
141034
294879
790023
905737
221245
854289
635453
779276
618957
275432
831029
374920
899358
148183
573398
128841
480417
790152
75509
533563
555150
468247
810970
308672
226159
286863
531557
203112
101551
570182
858350
396429
874409
278292
131878
728699
913745
425359
861860
703381
256388
100731
592506
155746
763118
165904
798790
243535
956056
874298
291302
25411
342545
616476
334082
82909
903339
379843
800224
519094
950025
172779
915522
338639
451071
561604
581542
364816
986962
957607
582401
243350
572542
174907
913299
335660
340811
712089
93400
811071
586387
898905
836481
443137
515382
684768
40250
932925
64611
354678
452019
528840
527457
881745
867479
978527
443349
963225
857547
944516
920832
439948
187866
493375
614855
615370
829034
469870
327459
436638
280941
428051
849748
631626
385392
879334
316394
425641
326464
381005
780318
292687
909844
821979
174432
291528
800506
131985
254754
658053
76501
175586
612206
778571
668960
227061
393941
12200
696930
721399
963041
492075
663654
812789
123701
49046
206328
440095
988890
532791
335304
769209
825477
759352
105393
514113
50881
905899
646098
819838
78157
236803
509628
690362
15374
178589
431627
409314
704992
642761
644918
668033
134836
822776
995027
772741
871822
715559
727040
860712
248351
62344
144126
588032
335900
249519
102146
900984
669622
262448
720822
261983
499250
230451
952345
28829
923243
383972
438142
142440
540938
597264
324677
189978
420041
833908
962718
806067
549468
203963
180984
312023
780510
325110
900054
116411
88833
516404
17395
272659
293056
252422
534641
306511
997076
486986
335339
434524
385163
287685
576963
440305
399154
901639
630282
819194
735548
107206
139466
285016
311168
320449
597038
91679
159763
11297
208089
248595
41906
739687
35458
849165
506313
570099
155676
17594
571289
5219
452117
470656
292904
29080
910960
692057
930719
541243
25456
180472
162653
164921
465487
473820
999573
576729
565498
159337
102230
287791
922135
658339
541683
957593
507505
562200
41897
663180
579794
613185
668399
31911
83842
475507
575195
509006
681768
20119
564453
707223
200590
727105
386348
180281
200926
900125
271214
280628
59462
373443
82624
495802
545987
624306
453395
53492
700710
9496
230876
280504
622680
413479
826619
220726
888985
916018
729732
570753
936136
808389
792180
136726
535495
692732
831210
250625
592858
102424
531252
652319
990070
613875
148121
536057
752385
115720
589548
967300
125215
334629
247804
262100
748107
588627
997029
637093
504645
726761
722050
954985
49356
514231
91711
584850
206963
437125
835474
799820
539548
880930
966344
529619
9011
628669
65676
275600
258594
169429
242900
898012
18262
4909
160112
766368
593535
157142
403461
612385
398107
125512
567370
447462
153947
173286
546516
360909
610410
896194
674934
149959
777125
155483
193782
300340
784151
773661
575939
556949
457294
818839
454962
475555
823747
615073
241924
931486
286419
159589
58076
198731
799304
625446
160397
953250
798731
706913
828364
923345
117312
503298
73304
894436
172985
781289
708980
957135
554951
284920
514085
12245
617963
483251
487800
955914
98324
729723
401605
898947
403516
459681
611882
202821
85127
772278
156071
398062
993395
984434
835611
110708
1937
908915
519348
689125
204409
228329
646261
759359
513248
674550
771604
645415
672005
773608
601329
284533
17536
2934
183480
421051
462614
795361
623871
61945
567640
294147
974210
75240
792785
809822
185947
308927
232942
705295
998051
437350
933623
158517
710914
961075
347271
996722
606490
19276
770330
722023
303809
302070
239161
487288
723120
215980
796854
861196
792128
878698
155343
766339
953937
462332
90366
139885
771258
323307
359384
769310
274861
293007
927826
499979
768286
275098
496701
888980
808577
781235
611003
112386
83305
364368
113879
320630
580347
910732
181826
372476
303635
851372
653019
257572
313704
743384
911660
84963
580895
271044
368477
369960
78255
296303
869939
846540
85605
880844
735520
894182
662080
860727
520772
745384
225096
634650
66014
319647
545382
762043
206327
363221
613415
859345
620793
927119
116934
46658
526286
212033
317702
894762
96198
395956
191065
480341
756701
790874
361185
6426
199261
23265
867153
720032
768649
606453
868887
348867
440304
414269
110911
646631
777490
724325
20181
912487
165649
651319
959144
691934
377556
791050
586696
473753
701211
291966
954093
972116
597044
315279
978541
796304
338543
359899
30541
621396
966351
899427
970263
920860
827901
595378
567491
119596
833907
101876
546287
999556
753194
505431
691490
130751
810686
792391
118708
26102
598561
72802
998217
195605
902284
976758
506113
240827
336658
50858
376428
817213
950285
860895
252278
292391
456273
333973
411986
290180
435849
958272
803940
703247
977907
495431
348202
302798
802026
466910
328899
400587
53916
327116
110396
956199
818079
616508
711230
668941
667365
87658
359
131855
948552
252637
919029
586609
350435
209210
536662
822911
13150
239910
315024
22785
588111
617821
339015
569225
460925
739601
623140
302245
364201
93544
634528
980708
804774
303469
162279
892431
303828
294133
355189
70669
232583
274218
171482
583017
483427
708144
920133
10782
462258
235157
547770
564573
367182
886785
133799
342311
140591
271143
644556
504792
364687
279084
485500
169461
96758
647778
61892
914789
456116
931284
499662
688698
205503
671143
785919
688929
379287
706052
213915
841544
455413
761685
406118
822595
648470
54121
164906
303265
325263
323666
808056
689949
807761
373614
727916
969743
949710
642705
425859
880994
142367
628761
86497
813509
414681
289631
707001
634937
503545
548545
90351
779434
468867
427150
427904
522987
592055
245374
848250
429926
53430
52404
61085
861190
426018
789000
830934
375728
431705
770997
256722
88276
399759
343219
415989
328644
632849
122990
963580
650598
185740
53931
430033
654606
995284
372141
177594
587340
617514
25844
531470
670944
592451
592554
46339
18469
895758
391477
394196
327463
162475
650918
929942
76438
994136
345931
405081
141190
983125
882865
791787
168865
451001
221820
337675
446285
108166
515268
547829
725679
55316
396623
647767
186057
957166
666235
81815
348643
60432
923481
511117
225554
367628
101759
733894
227764
506839
389288
210889
903909
181075
893957
354910
917099
231632
315399
25265
261105
377433
750943
316420
970935
661771
478391
671197
618937
658831
753011
967579
233467
190698
992901
459020
72530
94660
192914
300293
115704
96406
25386
533817
277480
433547
402931
708783
179384
718329
248252
440488
95762
513400
271112
580902
175171
749503
252099
308312
408334
519314
790095
156005
710011
297201
615024
296746
906065
322142
21769
418547
136629
555585
210231
570175
958515
919014
749558
191049
167266
704250
801015
680665
975362
381917
370040
239070
634015
192556
161608
153329
496856
317612
377545
794056
446840
674290
700121
785532
236094
701732
922160
305883
911962
6541
778602
345181
270303
969651
26652
488758
284871
221521
978324
666787
591561
217394
815006
298321
893205
968334
795176
725021
860083
103438
534373
317763
455046
834110
553857
670982
756270
373944
582944
277015
152547
442330
547318
636402
468981
36076
921272
690501
14400
102264
796266
745997
431474
94588
153407
914012
403968
392632
774096
21610
564492
822673
339373
533742
656783
407434
718928
927258
781377
816076
204273
448128
258406
265795
84530
727386
816074
520006
932092
344678
136474
728358
90675
82152
337150
758285
996164
255323
150917
284465
791136
229613
107138
130509
277559
763921
52147
996486
205384
347729
812563
409656
795856
70969
189656
394591
312560
428801
758856
350408
79480
487214
955286
161631
338569
227777
157795
108096
378693
442259
899231
122511
63602
543945
400069
341727
596091
396556
547110
943819
723323
470970
253881
794291
660625
162676
621055
180560
591476
379911
45172
185160
381330
514662
346791
234103
742438
18790
342198
635336
975253
241429
757846
38855
299578
157915
380581
895669
68675
441895
353693
791997
912864
607573
100494
87695
284453
235753
782458
875929
615664
827629
61089
996993
342291
922083
745300
84730
940873
87498
720065
916126
843130
992115
469185
142709
664234
849765
552582
732909
805864
906274
39111
718728
28053
653808
320627
312505
889561
103085
702638
505225
930713
277932
16423
787209
200015
761722
386143
140888
363424
620412
571218
206554
612527
40403
863466
276761
404372
416048
523874
210236
322323
562985
443169
864579
216793
763795
177084
620558
381085
393927
125783
311798
671858
656409
613211
871872
932335
999353
526965
295759
619765
746496
166995
879983
23258
571366
296032
547131
295807
132559
624320
738975
997137
355318
16975
174221
975875
398059
82352
615863
224062
754209
272272
837272
140287
718812
350831
181456
14571
484800
793842
545292
231297
960836
425276
254554
46408
721307
315889
342214
853865
940209
595393
365207
295527
612367
53632
271402
524631
135984
887264
748692
890192
673741
100169
544683
392553
450999
726138
921327
935799
34186
466620
167096
995021
406100
935853
555633
641611
251742
412051
495476
191951
7444
374887
487477
134016
428518
273084
658646
564501
160348
921542
968898
834088
21711
513581
740845
986914
239720
662173
922713
273905
642997
604013
783130
49097
539866
852968
690707
791607
265019
700387
983558
786667
75274
985239
434887
503791
258323
93533
582497
418671
529279
551395
766963
550989
64976
22014
537903
818899
684186
974820
607008
841387
578833
904343
890483
632903
757311
581190
424511
536534
795781
922273
837405
871054
907512
272292
889049
680040
880028
471546
612915
409307
22941
894082
474501
602121
916095
526608
935224
114486
501429
542233
955872
594466
960780
846355
227370
718091
941749
166085
768829
251735
88358
122789
510074
392731
526043
190114
272760
997588
803028
196271
534734
211316
670771
651059
127411
197380
586283
241897
698808
128516
197769
807478
89296
558329
34848
321591
14283
200932
604625
266018
803493
210860
903010
313568
603590
429053
17886
390554
940846
335119
586825
475580
546434
771800
126639
673844
969179
227126
915740
182192
355642
627714
503875
959141
186043
538722
794937
200325
253859
399562
980546
57352
124626
883557
885123
728215
312610
903009
632974
767660
238128
734003
757444
298766
505803
884082
972609
989187
625413
402555
685583
981054
30269
189458
454400
730515
242385
249337
445044
496243
163103
425591
67799
287728
823352
952922
530148
650166
855931
163122
417827
608263
411329
175271
907028
431336
573558
393842
420523
198971
796396
620311
694229
340869
323973
148629
585588
566357
912170
30633
576804
589477
970427
158808
877205
793779
111730
407353
443945
481865
84679
375976
604332
496007
551247
511360
927342
124805
905201
862070
837979
215803
996585
532208
556671
320558
195041
656464
401120
621415
687096
492128
210893
171728
650935
602302
479711
762664
9655
923655
758733
608537
813836
363065
618748
365083
388629
60295
4092
293831
436569
842070
23838
433154
888482
94713
267917
597727
751176
669036
219143
952476
161164
944239
124204
326304
546541
603914
88968
70400
41775
361906
678936
855610
724970
811888
734897
113600
872182
253193
921634
308752
95263
945471
256110
497949
40184
524026
95676
305565
707266
829022
258041
382635
773261
382245
708938
319802
500363
312110
904405
542137
674015
583341
911951
398986
395229
646848
26790
781616
414245
948423
604572
23712
408099
860681
521660
962486
384708
131541
268051
606178
960562
40297
988812
733824
936745
211955
567830
437108
524065
472236
493450
198080
569781
919605
111270
479215
80659
652263
260831
494903
600686
865402
518615
8785
726083
40275
971271
624995
171815
753526
745378
646582
793822
734190
894610
730567
460350
462440
681880
984414
448880
175330
696698
532866
94935
322173
12081
175593
974435
272911
670496
89327
652517
189111
98111
892804
743589
583586
32005
429609
851317
777382
76191
159344
25777
970800
889911
486126
947444
571791
984744
910529
261325
681443
443395
870463
517820
455475
560261
492255
242590
744961
581581
409311
448276
193897
302115
191865
291687
848323
135678
657208
625705
211868
816552
165687
696872
220668
166017
158522
792458
150762
69051
567987
346409
512445
952654
378433
967919
512915
870687
724713
257876
966473
134024
706151
674574
436138
412221
480465
798666
547898
137674
938575
273971
954225
104262
485047
174893
784483
643568
481555
449449
712618
563746
795857
739267
516400
174290
707186
543520
559181
946103
801395
39859
80127
21752
228637
30470
948176
709102
829135
496074
360980
767710
284249
829409
386177
283501
518506
170660
927068
514265
620108
153892
78011
415965
893158
108615
104459
114550
652134
177844
60653
453530
731907
654984
989485
960543
685453
937661
183850
514588
947939
544829
282298
232189
374238
668474
515689
892743
353338
956961
407008
973445
110853
999222
903614
518216
107838
522277
146970
759971
207622
727705
432028
862605
717190
906775
62263
169056
90626
576850
116996
635454
373353
863388
523897
556031
893281
416640
909369
850242
337853
397019
475300
337075
300634
507720
959116
822910
654689
719088
37236
376515
960997
983467
753325
192393
890243
815587
361448
495073
906642
478443
130527
794199
341831
168628
864434
235112
585268
288008
599559
437325
685027
589063
288604
499865
96783
247721
322775
265676
481013
874215
642190
442010
371887
909719
634402
262130
725307
995850
271407
146154
988497
916138
940352
844533
84766
804786
593849
670033
92795
193408
621562
292026
296675
910166
791890
907661
157887
628869
173337
638899
503084
329732
595113
874971
239451
743720
651305
478962
739570
922712
625115
242272
838850
79672
86805
923615
884458
680654
107854
491457
388266
729415
297687
684941
153786
89577
592602
311672
718445
765939
464775
735734
95671
574093
610705
849325
317813
776214
328288
571587
213131
953402
813858
566185
33075
900663
489801
431737
95522
111859
437398
483787
355478
735084
168728
509264
338865
275535
335140
57310
41474
314120
793043
651348
888212
917952
14878
206025
208372
343165
291816
421502
296568
105674
987687
843846
520541
991692
789787
616062
617755
227185
614054
487437
476473
782781
510905
815337
572520
360250
872646
613993
674369
179895
779545
76786
612051
794423
797014
334627
651792
88830
270334
948359
708707
772225
306410
229249
763917
96197
845310
895876
323381
459364
383313
314058
756350
408423
129395
328870
768672
516246
457068
443041
210345
750817
34031
822395
59445
831044
671227
711237
434078
941560
173801
142785
713785
994415
372033
991906
90612
731548
887782
928197
705116
785299
242255
975670
193722
371650
818745
962393
887895
790017
919638
612444
540834
467873
434839
114484
298917
620270
339925
732994
561830
513725
389984
275615
22345
762016
267521
112957
7769
669507
555358
227090
969011
797612
202760
676937
683466
21505
639331
85566
811521
73174
698009
866560
541047
647053
981043
354168
267323
835172
601367
829153
863101
991350
618972
885446
267571
400698
512607
789544
70205
67965
16634
39216
379781
219393
716153
63248
755102
869688
663017
80828
457066
361027
947387
512317
522284
442635
380690
303811
277807
496261
132964
140909
1816
266141
26355
269386
666838
538961
573134
251247
121130
589767
804667
500910
323365
35025
78362
592671
418917
741379
673498
390187
616610
135091
902504
653098
91930
797398
956908
369737
293659
89873
24850
295474
870217
565408
79064
51260
618573
652198
302506
739702
241965
107173
754816
79534
656401
833178
672204
75318
88762
859907
465505
219576
994997
882213
872673
86927
679611
829581
970867
973269
433658
509921
268743
303875
75329
347806
355134
693901
514208
171845
947807
270378
793221
216829
349911
449623
564211
22116
524940
652972
396227
504649
872547
391224
386862
745220
992354
66473
574801
963222
553946
522664
473143
336893
826538
62677
198904
695877
270782
713111
867721
218590
983488
660942
949622
847604
110565
513833
869719
149710
166805
265946
168563
553556
171374
555425
298776
163728
136102
387781
641154
690048
910444
114298
541145
251188
176974
740048
947064
447755
453160
328990
180549
950852
504136
130171
798456
128906
644003
182380
278615
325012
962529
447177
878567
133903
516806
691547
811835
167113
593533
452989
371365
503977
81491
912509
269369
258464
652558
730637
220424
619922
59627
400972
84979
563763
45348
883435
692668
203555
580019
485487
528567
542549
446868
407134
190656
477879
98682
2491
644991
692214
969684
16356
710395
51175
928864
493969
823843
95627
224606
44267
229753
798437
959442
314732
362200
4790
712371
569072
722549
292390
568763
251116
834938
529835
658249
25595
7714
271135
542289
166909
477553
511973
183264
187949
77353
626333
681917
901195
236164
420727
945461
465917
219164
419108
780648
95568
423898
7224
664639
660651
299613
747606
911766
648756
277442
84220
188555
799359
355355
730843
966268
832907
757021
663736
535060
834373
290069
731181
735568
526233
666113
195234
506354
885276
614341
801206
980844
552443
808429
159688
213094
108042
907294
124860
756797
698940
209080
945351
12504
78639
190400
978771
425750
461625
642508
960810
295998
446781
206196
545770
487218
872308
741003
993571
757585
355344
794777
252634
421992
117411
412321
635085
739657
833819
759945
496454
46964
483229
956010
59468
561867
660614
987616
122239
709155
462631
932440
155937
183032
478210
157359
55340
219213
150931
327129
88761
459912
93967
510752
91528
506288
660042
831184
854311
419987
841842
415480
417420
312057
474947
493491
972670
27390
481107
609113
250750
457943
541553
920890
640974
19763
78249
210518
753179
743383
537647
356145
717500
631613
866896
809027
652105
526938
640211
20622
461129
996257
436101
392753
308315
425252
886243
280985
966845
881555
404303
217595
339498
945855
138485
980471
479823
216734
705193
233002
474321
242840
589146
191821
388658
970247
848
554967
11390
155263
89793
986723
151521
40098
379476
459835
465349
265720
255024
432195
147275
659326
163994
977
605182
302479
495652
85005
33417
200845
832210
507737
957889
935561
699558
860751
905808
214610
415718
431402
369873
19716
418125
521393
59813
311806
981227
525162
91730
236251
471561
753208
409782
635554
754184
14964
452237
249836
614172
999857
964884
960586
21800
922773
896147
721357
783524
801955
935966
713447
747562
820043
733162
341436
792974
991696
836867
832340
83426
73119
818105
836633
997104
967864
590817
526272
934305
140444
934163
319742
101030
955962
242515
511382
191524
540244
313337
641694
253691
575103
461738
986852
740790
803173
294031
732486
640041
640576
330117
227364
458681
166750
224468
426545
271772
750739
360851
140833
405387
809218
974778
20621
765180
731498
532002
470908
271742
359544
112602
525432
934646
574339
26489
189641
891717
320519
436332
45963
961094
766448
273326
933980
447402
11998
360525
719173
276941
235580
374211
196532
44798
348989
217152
324182
80487
263359
795089
866432
622902
907691
391864
71753
996234
932556
261394
887951
253076
211930
448118
728374
978377
235648
176559
939983
247645
537084
173362
38790
286868
547572
235321
845870
896560
966677
170052
491252
230036
965141
357684
367142
387037
263753
438894
897475
196309
214492
785427
963588
426421
747749
206168
919002
983397
382726
858986
231042
434014
32348
784036
720882
579919
19357
566752
990683
500238
736803
996139
730273
216149
353824
611619
117390
131781
50514
14866
328089
779209
314497
291678
205631
62246
497845
638837
45643
880570
497823
790889
314585
44375
574925
549671
624293
108486
630627
129182
608724
881634
125321
853201
97784
993348
464821
729377
125129
29539
744242
967422
322952
572943
773304
42787
635189
271149
681624
195036
665923
693651
500129
494712
738026
589258
558587
876523
697744
189214
5705
820672
70849
645230
188078
682836
152783
167103
412213
277912
710845
670660
759538
33798
243603
532842
590788
392996
318195
272412
984117
966063
88161
993034
218294
677419
551621
94817
889367
255040
100522
224244
325888
259956
926525
8724
412738
93629
935140
204854
318678
605800
964391
866679
849403
497233
457468
242399
815427
244084
344635
313750
724351
947000
820988
942644
624419
372609
37462
27991
141853
652187
766438
467740
912142
692963
990667
839084
300796
925808
43939
619474
531608
8330
486153
895215
19768
457825
651819
349399
701909
510658
663148
426260
457658
484136
368905
596281
370950
920570
138476
512802
572757
904913
494747
999103
112082
485414
838187
412877
925426
882125
546555
457035
404660
546913
866454
938631
4738
32478
288030
706646
543136
465383
132907
514998
463723
16016
111280
834672
936585
249755
861679
23547
668873
870630
22650
780954
356044
860836
193831
281471
257167
254591
252710
176031
801503
633368
114662
806240
180051
402691
27092
237391
382278
674202
752388
846001
690217
377872
194878
141007
141832
56557
164553
810704
927186
187202
591658
797435
562242
299693
593110
333613
554283
845819
509643
355786
993391
624304
676231
173442
541200
703322
410832
923477
377524
163221
283683
581945
541092
478561
722951
197128
535117
887503
7832
976508
588909
113694
288148
665355
927591
881257
998968
481874
727076
508611
351865
234672
647120
542300
408114
702524
245622
818945
140206
137350
496370
423889
233499
551667
902449
956449
748794
951770
358157
270831
442483
461270
384524
730630
126625
312115
611887
125593
308194
853167
148409
174263
87840
309733
716562
10158
526461
476388
343307
666666
127942
839677
604759
361440
905548
21413
317889
168547
487388
190250
439377
929870
651519
338106
660501
292348
164425
786592
417941
472618
639760
80554
161085
241804
390286
877646
251961
916746
868238
109472
97617
996179
463353
702376
357619
368901
237993
189712
51653
725380
894165
5234
655251
545684
343339
829956
352237
21969
130753
770177
494586
284717
364935
169876
526520
269425
561726
292685
700375
429965
402157
797991
940348
865509
14572
812172
748615
766769
1884
800267
492149
896049
805500
661604
955937
663044
5765
308174
685012
136518
592555
693802
421234
471694
377882
461959
741118
939608
754643
955697
883777
671004
753689
824125
50719
282465
636297
313538
563438
152386
113805
55588
562639
433509
231396
32781
610757
237161
340955
809973
373678
447714
503776
794911
919408
881657
256870
174731
335470
525718
130429
219247
710926
398322
43373
761644
194991
193874
75182
758429
346259
703190
328221
423102
650904
559616
455883
775865
796776
796837
585839
170454
758755
603819
479570
192368
999680
250644
367099
335151
776361
497527
554397
410053
111974
763136
605043
305848
352523
877676
166311
569917
205897
589413
220821
765513
45296
996686
562289
356337
96730
246948
629296
700548
726517
821664
700228
977160
702967
35379
267727
200494
103981
269219
124751
215954
32355
729793
36006
899081
607470
202317
468999
327571
305934
689819
93084
865433
200710
169578
735974
811643
416525
365270
512191
143042
186934
726624
634406
889900
276207
902132
604598
380187
171351
243553
110346
717910
973346
146351
616991
95021
862871
85990
422591
168805
290014
29880
548442
4928
199457
284416
816571
615981
649686
842966
273227
350824
569590
421837
754929
360002
323970
873731
740188
9525
117285
850533
241639
604835
511089
858630
214060
373960
458824
150855
56970
263042
180734
605411
267970
894394
404032
598745
24580
567922
441711
297806
918745
525506
233848
673674
885507
72022
61611
139900
595750
178895
504638
837389
783729
15727
696019
997788
389686
669047
148643
960859
932089
843581
80476
200059
737975
484507
313008
762555
52429
268923
574565
485378
308633
808412
673257
194140
394638
734867
848244
990388
913761
352882
827777
211695
368608
723687
272498
707047
386534
233358
639136
230115
828037
353399
968090
312544
666406
244850
879176
935329
333619
364554
243962
142032
37811
952306
50874
286882
800550
41262
200643
667636
869038
926541
36244
421243
650228
822945
128291
36763
570507
281631
781081
398544
635030
263376
225292
815640
508225
104468
265174
841844
983226
509136
498080
535241
975646
548953
822123
290401
104420
536970
958036
487662
463512
508484
908905
627944
331429
551400
664706
901936
833030
445788
300480
982264
223368
39977
797905
731593
144444
63079
87642
127670
99926
177116
62065
648878
999238
866669
267502
536208
824705
755164
513924
333189
178274
141869
178823
729673
320779
594963
562703
280771
409647
59173
504139
857077
749936
594067
434360
837577
235941
520779
451707
413056
97048
614789
926498
963717
882291
976911
302627
637455
490835
635816
815728
146908
328843
59606
467687
923805
136513
748457
847656
195685
766800
297280
566966
516736
405551
1327
868517
155696
36310
320224
82957
133357
935013
9455
611278
331509
986365
913905
968963
991405
63926
298896
138313
392768
872705
605999
830777
9218
868661
678433
204903
149666
489917
771868
180607
895467
287399
49124
51164
323708
883552
134120
457065
332770
657778
68343
664278
644144
496452
147446
149754
560377
960545
288066
953144
833250
408270
298126
842467
791135
976559
561574
940800
466476
847647
121407
876148
135046
684735
441516
458754
568287
575635
430023
901056
233413
12570
79539
391761
509022
226984
541514
69399
187529
343785
536748
534983
752054
834873
377450
543189
325637
453229
998193
306318
300876
119601
182466
435921
804335
623981
894674
886826
713820
838901
302087
461437
851471
381625
367403
360493
608608
423121
429891
310341
766905
480843
845323
33164
315717
736977
90557
155558
190206
88751
461875
5286
208351
158545
441207
526890
296730
927920
524754
688987
230007
986191
540458
611631
867798
415155
734443
290919
359250
558988
572029
840093
404311
605192
670014
655492
695749
825571
359903
784499
801651
365188
507054
474400
320599
548148
771130
170685
476068
810088
373876
220279
796279
428538
831909
178282
843692
80557
469201
717146
639544
41230
557239
558059
646421
741457
213551
856374
81234
573453
155078
882884
452846
662131
357284
773444
724483
642618
458333
200551
452707
346413
420829
763190
774950
766942
941472
361703
924877
849993
1247
966106
921436
559305
126732
662894
772856
497311
744127
860513
652388
141216
313359
828724
12704
601008
553207
655322
59341
267963
622233
405754
202996
899627
694908
484143
355304
827755
845845
280181
677748
847092
760491
113389
920601
401428
776282
207662
898738
34614
582380
65331
175829
895738
894054
188533
10951
447262
358059
584496
715224
494496
504454
432424
908327
199362
916566
263632
541321
762412
58017
733273
123709
332713
846662
44310
734140
137149
251972
147083
171763
834351
212413
861795
244294
106468
564532
769449
67934
436795
353945
297362
931290
858398
729785
839618
571964
646352
617454
113286
922968
675470
846558
46677
522387
207425
90986
256527
344574
857161
917813
205717
130227
892335
964215
750898
456868
733664
333036
893662
601813
630397
339158
460211
874386
692980
546379
520738
824638
659664
443706
14313
20428
4587
536700
227852
95573
793226
572425
466938
225245
602965
186860
869675
9506
151075
134778
466373
398943
467813
874239
756
612414
727601
975170
486800
420581
521549
521743
759423
695418
479653
773736
715845
484240
310436
943696
94017
617866
30327
560954
843110
147496
747813
712785
671205
413092
847562
651782
326239
315375
526022
326994
441993
767827
302164
928793
702613
337918
450536
462036
33336
444393
235772
749180
928632
546207
207081
22649
678278
751611
97808
521388
413312
359825
234174
84517
772917
595940
736299
99156
425520
776525
940354
867512
544352
756722
310510
246965
94640
275250
223206
642179
719643
458977
391359
648275
519389
112645
185129
197667
378460
282936
719054
791771
642760
467432
390493
929881
63373
126792
543242
3097
903316
483596
870608
961872
240318
181119
723042
849162
456368
946247
491341
690215
405224
396905
338491
438817
23754
523619
636483
402213
320759
869742
708189
963518
337174
407605
914750
225473
950846
432051
642993
434442
302660
119070
188964
997982
842111
552330
968554
788358
557876
658770
707787
954780
511465
146604
492738
549288
297292
894950
870046
167034
117344
347769
18412
216025
755373
447367
955701
706219
879417
598694
654865
696281
717764
358034
208468
559875
910363
177023
862438
468239
349997
570225
937223
861461
231033
429961
410749
528324
839116
794999
209562
956459
142768
742178
172485
898141
189545
128186
604360
583166
241085
259226
279448
473053
617259
487915
547132
41827
179142
409570
24271
529138
493999
961493
904803
725032
391455
315552
767560
744775
110551
977122
701234
767523
719300
387923
665664
516109
784228
6215
271398
557658
799866
744450
689121
287782
291582
730948
981127
701152
755218
510266
709355
716711
415069
434387
622370
244826
201948
881349
869580
693274
582584
637103
412574
970506
816971
349827
820
601200
356041
272217
158858
155908
530871
362184
957893
822453
93132
453225
37810
362554
963490
747164
593469
892764
181552
730044
651794
897703
611393
35579
105182
193977
186887
517755
678688
3858
381786
679507
119262
737826
465929
792324
407938
996799
154508
880035
333457
761843
333261
371266
124397
810955
118431
717865
217924
814186
447909
869717
226094
59303
419501
331275
767483
606387
363234
446171
124449
745019
639883
757915
997049
620016
550239
404988
131020
218951
285023
464477
980793
618283
349947
619394
943443
468377
337259
161367
796767
299373
31085
537065
872879
964789
868339
640362
85381
745777
600738
209829
5001
240621
481948
2051
374841
546391
921242
505860
765341
206265
970336
260339
338753
320284
879732
796400
302865
731196
957766
613837
544773
503055
665106
417652
467844
47651
58014
553224
793427
172956
277258
798428
927780
759205
314683
302621
819801
235925
322686
585142
956393
807226
359686
809350
127510
753622
605750
944579
484818
563517
72621
543795
66572
737726
961446
48621
785376
533665
601844
93009
706620
393306
405641
148606
152512
720323
451226
972312
956247
773911
912640
581138
945548
721991
222852
699171
327741
681635
698193
405462
268460
241989
472034
6187
203435
520654
305767
251304
636702
398775
957924
30009
804415
106530
696724
524738
71960
183241
995189
360076
769103
422035
455418
714652
658230
678269
413823
500175
874109
112016
905637
142569
868208
891875
662959
71644
412529
968726
837151
563435
881705
309280
593443
686121
930013
804371
725063
1974
987611
234458
362049
270920
656492
817466
985571
314722
913598
814896
398253
539818
234738
540822
408027
126613
203781
993874
53346
686711
831025
616781
568417
140306
724428
768742
70319
528800
8010
586496
30616
756671
462749
815739
413163
794419
801310
242089
318564
229113
571190
716816
768931
805927
771842
176958
446745
489828
685036
500090
176539
516061
116871
259160
170571
355504
542106
755094
398508
550116
341590
943327
306787
804339
759067
234155
112963
74582
990447
431526
303695
561637
148343
72626
881769
920184
763787
328514
410012
448823
828603
100756
479088
459679
359915
649659
815182
416226
404753
727894
966341
260547
671221
787332
579090
944492
535691
692053
19075
526139
637783
322769
87776
786125
909598
483749
220515
673385
812262
144731
122208
640866
245486
601295
100545
119606
765158
429931
535831
684115
157825
16377
944662
343250
317913
523752
287743
853604
730009
893947
367793
143790
495927
668122
567592
979676
402841
240977
791938
877388
432804
992887
47553
426867
758046
477483
962697
442161
149512
493278
386823
492762
811191
424780
294709
179000
668993
115730
72947
550990
773723
568873
219113
341315
62754
621953
582291
854692
683729
801700
476787
452566
849253
417858
724816
840940
894760
166978
990452
388038
68005
997418
713433
6989
806331
892432
190187
922060
741176
695783
562661
474493
551302
625414
96447
133593
994310
780175
107476
796011
771166
74246
645264
703229
799062
409
597989
480244
505065
500231
548248
502483
213665
69442
823018
620301
259628
259283
614089
804
469270
176750
475297
20572
316368
85948
668368
310679
380327
775843
106690
665698
364294
266158
883131
677560
266566
481120
157804
771631
495555
220256
788318
709219
289697
611337
843725
63529
870619
457814
64333
339890
148768
53834
360461
465135
653985
28830
775813
548516
318877
396707
214214
683170
177069
97345
360730
443635
92669
32738
215266
588224
252994
517788
811647
56895
643329
655372
120424
513949
627390
698960
368043
776157
266998
242708
241293
435187
785741
531310
983702
104619
442222
712121
301993
619290
323670
176928
62925
416339
723869
792394
518767
491067
824387
330414
547962
467716
499991
182590
495869
127381
395754
863911
903538
176956
106620
659035
612142
406565
704549
595844
25388
146771
307965
841585
280266
631635
532717
343190
562178
256586
649789
80945
747653
988380
411358
809819
456096
911348
506613
951965
38730
416571
330081
456472
593526
436700
115507
205668
357470
820055
315716
382857
481031
623681
224442
761296
769520
757158
618690
331698
527949
782683
926846
275602
771063
338204
599625
227160
763757
620442
693329
316691
37013
23410
773162
630538
974314
402873
350410
331784
737132
666125
228845
218163
804010
453287
493663
87735
724649
112354
933636
252598
895036
860482
42404
180305
712891
642028
921668
990852
262470
614997
307543
813686
152611
594909
444224
126925
511986
308838
972912
249118
974963
201758
981485
293178
169249
475148
380913
893897
101706
314549
660700
510947
689236
703103
691251
402127
859336
127124
907183
636010
256325
214726
963901
408935
323839
408125
50065
835824
716963
537181
599146
206131
253143
580631
499308
422391
569984
394425
830493
671689
223179
491193
696840
912414
708500
902295
828745
82041
29419
735928
232256
285743
464858
196157
694678
788696
118486
258947
138725
349653
796127
252075
555783
563475
346911
569296
985865
431099
477925
330563
102788
701103
335960
313833
127722
44461
216128
470671
640705
245547
206599
387165
531289
185661
583321
740171
488561
216012
513322
141490
565664
823654
393565
635652
387129
740475
719152
887198
171574
711281
217762
788565
412385
553721
102398
54311
832730
524982
753091
78277
245785
654460
123770
431446
751986
378146
920006
967997
891467
61497
47866
229326
969265
683517
616454
709740
916873
503653
395518
628155
721414
698287
554744
789339
314890
609054
901725
147620
648240
169021
740100
408230
823480
863869
839675
575466
756219
273886
543463
161892
849586
591329
391217
333056
789050
7672
557000
705924
25529
952517
848283
261147
165010
403027
50486
479899
526285
952210
141723
688730
121231
881822
96960
458916
259896
450839
34382
16116
238929
92050
178007
602720
197583
569223
935775
986632
91099
492776
206761
630831
959497
55044
891977
124507
972274
942463
604405
498560
408878
187290
44314
142154
798453
503229
402050
249292
51815
932369
488220
658068
110376
90940
855650
193803
540920
356488
284902
33696
563248
915732
993192
132497
321915
631904
104771
778582
236309
603330
701664
10846
304824
745977
152999
103277
763410
69253
352568
329430
1622
354993
987497
111997
960136
843148
305800
501056
199636
104906
48956
277088
534842
556353
409584
370961
188257
514355
149543
938769
631889
851207
949614
936713
111389
102614
554194
389004
171866
420967
718433
173488
775959
220135
799688
250300
577487
619692
265561
291327
724597
314516
568415
773644
870868
492203
144605
59125
6558
294148
997894
152652
659559
947508
603569
285152
564326
157763
674155
250397
578729
906792
938088
354688
126928
737776
119193
704414
357469
384753
995741
596270
213473
78361
369914
84342
570563
28724
657670
91326
322871
169769
243977
496634
631482
847545
781785
195808
5308
970145
960408
584037
876937
898496
452929
518069
636273
86326
222484
507946
471078
732429
104216
684551
810789
988334
283097
895556
17058
454971
986881
854132
624740
745062
864970
256222
592607
646755
966233
112120
131105
926642
210361
8043
339343
177494
40316
975615
263820
262799
997765
249102
509432
616186
933652
834425
604520
730953
729982
135782
185925
231068
504118
324869
976130
369088
95295
82942
530047
61528
195061
661152
502374
919625
183399
355922
97120
223714
845741
360939
718
843507
610040
24354
459693
57898
858779
578417
303055
102966
714198
3184
334033
732520
328052
310163
101608
423346
393105
631654
999078
102370
807010
15657
21996
990408
371578
633319
728327
217320
508462
243249
575031
632706
267602
34724
204808
126381
127345
507863
229346
841542
511046
77584
574062
353303
387746
189874
776648
295055
335732
289931
911629
142743
305588
447829
647355
191370
81148
889886
922893
589609
133135
497924
222315
400737
532647
427123
41322
659991
449190
784872
15738
474440
862455
104004
827742
764405
808081
604391
573665
143814
894321
485294
286556
714113
933122
448115
905483
528474
338002
632287
471136
840505
368806
386077
887356
795928
427399
61553
759322
212271
591494
233763
588930
695498
61505
353335
17784
180100
926999
161597
588626
926497
962356
302739
373824
410472
722426
902297
262678
65008
48789
733813
905512
417595
119891
307073
213523
61494
368625
487050
787968
960119
720812
376898
169822
296521
244437
187605
476621
685641
349202
65247
612138
825762
882189
500167
236234
118821
916668
498911
183828
965457
746929
603544
383052
381024
910616
110779
956721
793446
597828
744689
753565
832844
121587
923386
129366
880227
625195
120191
565868
974396
699641
692211
314364
96035
706582
550597
214855
623250
563713
912886
588707
824846
516430
485963
205870
941251
596742
676795
734697
708774
421484
2467
541619
57275
440057
185189
937501
65252
819583
17575
553853
519224
709785
868216
129463
416367
933017
344318
553821
496730
257204
142529
835780
287839
628491
555854
229090
739437
232649
477991
448212
654132
994661
504035
225611
434718
689223
677317
499969
23011
694891
568026
542234
918880
436242
185901
849451
369260
530218
403272
380194
787422
60005
215975
589465
202701
286033
332759
942137
518682
324954
904553
319615
408588
754332
612015
589946
768505
635025
284837
336532
691463
717921
772773
877364
567372
656237
407582
484848
550636
709208
544853
280815
298673
747553
566847
145636
203895
85529
470589
622653
772547
790203
31241
199381
544535
643256
303531
827245
278281
102572
163777
969744
820492
450754
847108
387864
621196
768894
872711
171832
478103
931768
452646
290980
193526
533697
436616
911625
619226
907204
534278
905977
211613
565518
619562
270352
208774
923092
97597
1260
25664
261373
485208
360360
226332
332316
748223
847527
101210
135139
19359
93517
581112
986208
384497
774637
519905
821112
686262
653335
242521
220540
73517
454133
300263
207283
238690
23241
130375
336286
24500
670242
111864
509707
30602
338195
356227
293029
185722
457437
942372
719284
65158
523484
705492
449654
298121
784970
498588
907141
541696
719127
494862
510033
533594
702145
748722
556835
346724
85009
581334
16967
196872
605246
561772
535066
961472
854801
234992
933113
797173
954275
998271
834861
173972
962129
132982
913572
747100
145774
820713
803000
379106
829780
313033
912699
531925
61756
469534
878648
660968
565073
409819
857839
170319
971591
907109
645995
826392
142101
579109
137770
610580
91585
972630
784551
53714
619816
698123
315018
765590
33042
118018
144696
862821
945255
571599
908950
7011
41134
787598
182183
606206
711622
554226
290729
683213
461335
936723
23810
117640
515832
161579
728219
607416
648413
512770
175335
268229
725097
490352
548023
272343
122575
206923
649368
67830
778522
558318
589044
333860
860121
771226
940065
571743
325452
744998
769160
300991
681721
792969
932834
197554
468752
175258
319174
631369
202232
8713
413802
13270
961825
713876
135844
682952
363244
717877
461474
921562
821125
309538
781683
592351
763807
867630
432007
508805
636790
247202
190527
943963
180036
412715
869497
735662
44084
71729
744375
457885
513261
757644
933914
227137
407692
616867
590381
639773
592545
26148
460898
902083
322035
567453
665890
189665
513664
688900
340659
760865
