634355
716459
737845
479515
24676
507689
283078
483248
961693
251714
687712
775091
467584
272975
535404
905230
9388
938521
521874
722335
588110
624111
102289
382878
925260
29359
171240
657090
912513
588699
601891
546868
305158
853940
26384
844037
361629
823665
327285
837526
75380
14997
612617
542963
287972
148021
962397
811563
600747
998475
48103
188857
136792
150392
85940
576256
179750
771383
233347
92263
360082
349442
639130
179444
203382
179718
23481
565011
3384
864969
402537
78763
879966
529359
135930
682142
677379
612531
7910
278126
125212
56012
981187
262003
206403
67127
838258
386152
352714
585809
478414
227001
449455
631749
406444
652837
811466
944129
732052
814849
809098
648793
407816
203269
692356
543745
885410
369736
670481
893319
162066
795692
463536
657457
57695
669938
238788
410157
56091
591502
995966
48709
818502
445421
680457
739150
612462
6129
683279
858718
820977
6583
21717
228794
209851
714072
286743
609466
598012
471428
16990
274283
267120
480525
931739
839018
150464
170528
249176
720758
276234
759346
769466
608940
718971
964128
348090
331434
970256
31370
704356
305438
552156
726072
48436
276211
954349
335179
885676
552361
320811
416871
826643
587931
411600
272588
941153
76268
957319
190329
311230
233553
949674
80697
842492
182851
559029
190582
514284
43490
736155
732844
348927
288311
973121
397363
564522
927470
246746
964402
479831
567556
895477
820679
669691
821282
93267
610845
897549
50586
801173
208780
284138
265053
803680
640834
447903
876913
345620
476391
920402
81776
723439
269329
884290
696560
666691
963016
624030
427641
441624
618066
995197
851305
438745
179093
672587
532011
789937
570137
96801
105316
293121
895142
370368
611005
535976
332475
487918
395800
323070
408320
477575
560713
677648
876070
257274
858544
353291
395508
800389
794914
13574
309791
160425
966522
488884
833011
12738
278821
917352
109538
384136
210473
4680
268708
821477
54860
115387
309395
450660
952660
231919
442439
513374
909567
832713
284852
282316
186005
680359
596909
495123
208138
906700
655547
174660
395584
488559
187398
674404
405911
811139
572745
130589
330024
841452
952065
899087
471044
775665
863951
937908
7584
306391
451282
431355
653308
250338
227875
839312
444902
824784
848640
653039
731484
504187
341903
127068
506950
43505
315676
427066
854644
402625
557654
698872
758282
23924
597959
229326
313793
976115
167234
835581
796710
132721
266936
450018
383058
9016
289331
827959
833799
652175
995202
79488
156362
337106
720759
177517
380610
36435
604582
749458
953264
676440
962534
711546
214568
74699
940871
528361
50814
622309
363942
847523
269234
145082
297541
652292
154097
101076
994455
987895
753250
503863
67383
423817
840968
302346
601333
735782
338781
720119
999445
806249
910763
476184
517795
125331
550882
972870
653691
601695
595179
531837
963422
378618
676919
260964
30910
831015
876243
539569
333116
629494
43432
914702
567515
398604
217049
683052
648591
70034
917375
648036
876282
828138
124220
394077
953468
189307
366947
121365
305206
476330
653201
268629
854947
330120
529592
400061
675340
920039
453835
8456
63738
11471
437362
631252
410075
654410
828508
58666
724443
745883
220906
600725
574021
859329
509006
41695
562840
390157
163059
868046
866487
330464
136675
235639
174789
180471
635700
850128
100510
89535
372788
164248
101005
810149
795499
25284
978764
624008
598153
703207
884095
333263
818137
458117
192593
841347
14016
755432
231505
691278
623478
97992
21742
274357
847834
710734
454827
483534
75067
555337
87273
447854
719584
702482
772208
29288
241970
750972
167500
840123
968383
565800
173386
786520
538121
880182
142073
552136
149820
373577
243414
287502
985772
779359
561859
833606
4299
16686
831345
79365
86227
432822
41424
320015
649508
327836
863507
891478
78808
545211
731601
47191
111011
419191
347916
649131
299374
489988
201267
963397
377769
958884
250899
363541
252449
812757
197147
256747
343648
542696
850315
944078
975518
891738
778298
625026
219574
641805
516504
812585
187016
762309
373981
812231
695705
721896
461362
509283
726088
176834
472680
103857
649922
723578
981601
416575
50541
178748
673321
908392
235649
37842
852470
211167
929579
630768
836192
663358
786777
866901
475943
487998
143415
849923
300229
839119
86024
275795
348402
326316
966832
821081
944376
616755
58865
925977
33330
623609
618930
220856
532001
854578
772901
898675
579949
702480
43649
930345
880042
830425
797246
870190
832627
454866
234318
132856
293985
834546
922855
156592
160862
889687
491877
619443
20647
64946
545420
568181
688554
678554
303241
734759
47337
76142
633435
627285
778621
191288
557631
172869
535917
869081
43059
368545
323947
277376
15605
617932
111922
938459
288728
786988
342352
780604
406431
362998
845550
466055
445383
48309
144610
748623
783068
191946
824764
416503
333436
117591
607790
891066
290459
657911
760147
847721
26456
84095
125097
42061
216231
751223
494724
504958
538211
351280
799766
458846
714278
645316
439105
159661
693625
583714
908284
476693
289865
247253
407400
623300
364843
529394
28571
169506
187305
788717
17227
727965
872811
142324
284230
603246
407751
293158
108204
460166
644438
907970
919011
872920
67491
358116
32581
761115
456035
455069
752012
260104
216527
673616
397608
581369
717214
426178
750875
904519
214895
768101
146689
601911
424629
430918
205157
832379
724075
827565
292545
368513
735535
725760
241433
317230
598081
788218
592550
568320
757491
344562
342628
974017
532383
740235
69592
249597
680617
820466
668320
409716
102772
815008
525831
527401
245926
245193
873984
484206
72758
680734
852718
322497
920698
608356
639726
32984
910778
232276
601303
668269
91043
458135
156492
623425
712574
226083
387226
393191
46549
55547
317112
663524
870554
842942
705129
630685
88135
93319
114891
160892
774052
481813
997592
208955
604373
637319
241939
515151
869594
357446
697625
474841
815581
854116
98266
528155
80199
485492
435551
640951
55243
752662
304475
925796
109809
523809
70686
197944
617127
699780
873039
391179
695798
384837
114338
300171
22156
356276
329527
405954
227927
27152
880795
557712
395472
493265
600071
989874
492961
35622
630825
548203
302488
449504
988204
412297
973312
58890
124445
590439
758670
511688
495822
454468
896524
124365
268843
432884
480640
112574
353043
222771
139725
748042
780482
49401
241307
380554
39275
734268
930379
670099
796675
747072
633808
784879
159369
607120
843769
798017
711764
116644
823909
721790
85316
234639
846154
354158
181727
840999
466732
534769
63770
120661
282811
358457
684266
38323
739010
723540
772590
183594
907844
569265
930665
541652
868349
604238
662976
712118
402255
374740
342966
740369
610735
428281
489212
456889
296643
670938
297888
277579
205708
875862
912444
2723
234319
596710
41045
487533
834454
327839
671126
742298
411309
601792
798154
279658
206030
461131
505980
122490
350075
848945
377063
960809
791430
866274
931903
88073
537212
229791
879856
257124
619857
306505
774051
