134976
103499
100804
461230
321091
666229
750693
989476
217293
728763
435964
850141
235866
723968
164055
332762
650873
926229
912554
996055
316334
8371
635965
505053
652085
890468
705934
65933
147202
493506
537306
796381
597004
152314
771815
432299
332747
522508
935979
550039
251271
371943
914385
487137
95912
78440
819898
260989
518873
246657
257044
835206
255028
893008
854464
421317
783476
560398
487249
930677
568108
24555
727058
165112
691072
498874
597411
538023
21382
533390
88063
786857
419538
516652
788198
29654
595091
122301
290642
628168
368958
547685
463374
623985
440694
832042
45302
738374
906644
46756
669052
474752
585514
910314
639864
276587
923392
751479
814609
458979
799073
416876
245836
218611
933527
548238
248264
42823
670538
538905
670990
553700
600795
648569
177685
41489
480611
737191
779862
387256
783946
963118
862007
369460
873433
16076
160251
311030
767554
489065
770008
566628
905940
530048
299443
353673
592490
547707
396495
263029
600816
581690
816728
201611
230259
508618
757303
225074
760013
51371
126534
543959
14489
502746
427623
402126
518821
102079
713156
800580
591143
997368
367208
11288
527417
180855
364960
119907
242766
275660
897139
843582
371554
228073
559397
116017
736690
830905
341090
496703
882275
981828
554866
896763
484574
496693
298890
3395
598771
526250
803974
704118
523618
685386
715406
565239
380446
594570
199351
623211
384434
96490
980997
270192
838766
54600
386208
575456
885504
241503
586363
767779
223331
141229
178747
222109
152127
477636
225503
750897
518090
543682
969220
41709
743272
684626
121152
123718
793400
320502
261134
692039
931196
242131
962230
769962
296730
862643
859623
696438
104146
445986
464217
841680
101420
642964
63789
253546
634804
803495
4443
152895
861381
973662
708807
604654
172493
829958
242576
480098
664665
503709
172137
595861
260045
648571
880027
70979
511214
739650
767417
129564
185637
231634
971243
801260
874597
35032
54806
23607
838527
59248
176501
699908
547115
885307
818766
233812
229470
61343
713909
894134
79256
400250
4200
339300
48822
884227
410279
74240
138082
177696
203804
837922
923533
175047
639182
312336
724283
693987
335942
77015
267440
512442
291127
814554
911953
109894
48366
655627
685440
276480
549762
278900
676729
553961
132405
239755
952392
56888
828199
90475
748787
32003
442601
672320
721253
81784
984655
445536
289975
834801
36755
557414
861447
327882
886172
773400
951979
934538
429028
151624
725222
492994
430523
916155
561159
77132
155911
513552
134019
498314
118231
882805
530316
560831
69331
765773
156819
568190
211310
446794
402992
762268
4208
264439
90150
890380
552044
556333
339123
981071
707956
578549
988269
652684
494704
549428
244020
164819
62980
378039
663132
695414
775048
707652
256246
358583
473426
927268
926773
198940
374062
329765
961207
892474
594203
565562
782854
146247
121895
636181
641522
344056
214730
629791
510944
709433
693424
754963
388457
756403
133002
51589
966022
422255
759241
736472
780837
232667
663740
707610
431606
552007
551579
907017
444481
659987
472579
741539
806233
594474
377720
961960
452734
592449
105956
963677
816086
799379
718640
204543
69988
365847
770336
36010
302306
529577
772481
83143
276448
950425
304958
222258
502432
370741
129275
946912
30728
601854
688451
351166
710532
66171
313126
163266
172824
933285
126943
503115
732665
359787
221862
802652
725633
992197
352866
542143
35979
639551
139491
826630
589976
444448
48888
92409
329393
178163
39321
360121
780016
241977
711286
490548
822351
538616
168018
509380
471901
294960
12495
718770
168951
748560
35627
408789
740758
388492
950931
290941
542247
90422
117572
132224
49074
166459
224632
378467
344621
778156
738587
638841
20133
964077
643593
356689
16898
811610
866068
3003
620774
878562
721773
789725
141327
757399
198514
396289
660096
663649
687230
202343
754071
319006
848770
803144
485464
587606
695815
344290
365763
948606
497335
900099
912683
140929
256788
443785
466743
637060
446788
87518
29827
168561
391447
171154
440164
104165
567442
614464
767813
768876
331012
36089
87882
179782
353438
87551
767388
49253
946044
647355
997859
443379
547454
424747
98512
318447
382737
565255
955506
829524
652772
985333
512289
558423
670691
952452
662587
238133
566917
944604
7010
412133
980693
609095
591914
334131
696645
359302
897587
642689
520861
409651
600273
68316
348603
698784
900966
731339
264039
370677
560863
431015
870214
73152
989437
540905
539808
652024
293243
620929
596629
814456
33062
91527
423551
624976
425657
634401
498482
837448
277090
19344
247100
877362
601863
595702
90352
17034
841245
354390
901914
916312
299610
772129
503668
289047
827238
43476
455276
120481
178610
51905
449141
211671
657635
872692
350851
83292
507093
363538
434944
298387
382881
682043
689954
498948
791949
294510
30186
147399
648899
932099
63711
948508
704228
567378
751760
45672
125059
207036
680356
303668
773144
129498
515338
430779
516394
866189
28275
537691
229727
463218
350282
126812
659466
40236
139964
451415
334745
170149
598814
497849
102248
176729
960561
320681
744107
712321
880556
383370
433561
560912
687037
206705
204614
202375
637483
721007
582768
665757
258698
326699
643180
123185
967714
302646
677624
621882
268265
526574
792030
381283
24423
408483
558012
499188
243368
816323
725714
123924
199693
159275
684835
886729
365980
889449
603308
517667
124661
700281
697629
897563
26980
340809
20748
508899
643454
698371
130781
425923
224945
437016
807206
763571
845498
365218
262760
88866
181541
988473
726993
895437
661952
926032
782166
542136
815481
899678
59804
454347
599959
757432
351910
141144
612445
886861
650042
770103
585232
295027
196026
324382
732042
3232
602157
577540
882653
864916
180610
578398
367594
907602
473835
29547
833635
770205
571682
163321
669884
145690
617667
784047
417326
483781
925190
543975
370642
89437
314078
470079
384464
510104
308665
116506
27540
910821
694046
910193
289943
388860
488591
171741
296463
476631
715491
644302
246836
801378
321827
430924
947067
453699
214972
878598
937479
654366
422573
822326
743803
736651
806609
642471
760959
629478
758976
302703
540299
967226
212896
344446
356087
215692
516187
166754
206527
231678
325260
453362
33056
647086
398491
494328
100785
127667
372926
552469
782032
795498
374795
40040
46354
695608
682510
807312
325086
955691
624220
379589
922917
351320
238240
793208
567011
754426
959961
773537
500308
285221
741104
47569
932307
653799
541896
547296
781465
914821
99765
77702
224524
988763
631946
270878
684371
314456
592394
523661
784351
730818
417455
707269
82139
655694
500477
163354
924324
974643
451096
424632
774068
192200
472200
706375
360203
528300
767876
141668
957325
867640
733573
181850
856404
365519
966931
54980
194180
73530
92846
978530
804348
510300
200004
886486
680198
214686
49840
118727
189329
500935
57563
963396
207339
43968
183977
567541
572267
951852
223413
529593
333697
956986
225647
190101
322505
706782
245081
516684
780311
852130
